1	2	PI144134	PI152651	833	1401	0.594575
1	3	PI144134	PI152828	476	1358	0.350515
1	4	PI144134	PI152971	545	1389	0.392369
1	5	PI144134	PI154988	839	1377	0.609296
1	6	PI144134	PI157804	553	1411	0.391921
1	7	PI144134	PI170787	911	1430	0.637063
1	8	PI144134	PI175919	919	1440	0.638194
1	9	PI144134	PI176766	682	1478	0.461434
1	10	PI144134	PI179749	652	1483	0.439649
1	11	PI144134	PI180348	640	1482	0.431849
1	12	PI144134	PI181080	635	1484	0.427898
1	13	PI144134	PI181083	591	1488	0.397177
1	14	PI144134	PI196586	886	1365	0.649084
1	15	PI144134	PI196598	902	1403	0.642908
1	16	PI144134	PI197542	879	1474	0.596336
1	17	PI144134	PI19770	870	1443	0.602911
1	18	PI144134	PI217691	527	1384	0.38078
1	19	PI144134	PI255744	527	1366	0.385798
1	20	PI144134	PI302252	915	1420	0.644366
1	21	PI144134	PI329435	128	1203	0.106401
1	22	PI144134	PI52606	900	1450	0.62069
1	23	PI144134	PI526905	455	1372	0.331633
1	24	PI144134	PI527045	442	1371	0.322392
1	25	PI144134	PI533902	700	1470	0.47619
1	26	PI144134	PI533998	892	1481	0.602296
1	27	PI144134	PI534120	708	1472	0.480978
1	28	PI144134	PI534165	533	1380	0.386232
1	29	PI144134	PI535783	889	1473	0.60353
1	30	PI144134	PI535785	890	1421	0.626319
1	31	PI144134	PI535792	942	1509	0.624254
1	32	PI144134	PI535793	850	1415	0.600707
1	33	PI144134	PI535794	846	1382	0.612156
1	34	PI144134	PI535795	887	1419	0.625088
1	35	PI144134	PI535796	887	1419	0.625088
1	36	PI144134	PI540518	870	1372	0.634111
1	37	PI144134	PI542718	605	1483	0.407957
1	38	PI144134	PI550604	643	1389	0.462923
1	39	PI144134	PI566819	475	1311	0.362319
1	40	PI144134	PI569244	672	1400	0.48
1	41	PI144134	PI576401	635	1479	0.429344
1	42	PI144134	PI586435	701	1400	0.500714
1	43	PI144134	PI593916	641	1375	0.466182
1	44	PI144134	PI620157	607	1346	0.450966
1	45	PI144134	PI63715	828	1356	0.610619
1	46	PI144134	PI641810	890	1409	0.631654
1	47	PI144134	PI641815	890	1422	0.625879
1	48	PI144134	PI641817	852	1367	0.623263
1	49	PI144134	PI641821	866	1386	0.62482
1	50	PI144134	PI641824	650	1431	0.454228
1	51	PI144134	PI641829	634	1491	0.425218
1	52	PI144134	PI641830	926	1465	0.632082
1	53	PI144134	PI641835	891	1401	0.635974
1	54	PI144134	PI641860	864	1459	0.592186
1	55	PI144134	PI641862	877	1469	0.597005
1	56	PI144134	PI653617	541	1404	0.385328
1	57	PI144134	PI655978	581	1397	0.415891
1	58	PI144134	PI655981	614	1437	0.427279
1	59	PI144134	PI656015	585	1432	0.40852
1	60	PI144134	PI656026	376	1314	0.286149
1	61	PI144134	PI656035	513	1377	0.372549
1	62	PI144134	PI656065	596	1406	0.423898
1	63	PI144134	PI92270	629	1477	0.425863
2	3	PI152651	PI152828	524	1300	0.403077
2	4	PI152651	PI152971	498	1426	0.349229
2	5	PI152651	PI154988	921	1285	0.716732
2	6	PI152651	PI157804	531	1423	0.373155
2	7	PI152651	PI170787	957	1374	0.696507
2	8	PI152651	PI175919	973	1376	0.707122
2	9	PI152651	PI176766	694	1456	0.476648
2	10	PI152651	PI179749	645	1480	0.435811
2	11	PI152651	PI180348	634	1478	0.428958
2	12	PI152651	PI181080	662	1447	0.457498
2	13	PI152651	PI181083	600	1469	0.408441
2	14	PI152651	PI196586	897	1344	0.667411
2	15	PI152651	PI196598	965	1330	0.725564
2	16	PI152651	PI197542	852	1491	0.571429
2	17	PI152651	PI19770	882	1421	0.62069
2	18	PI152651	PI217691	506	1395	0.362724
2	19	PI152651	PI255744	472	1411	0.334515
2	20	PI152651	PI302252	949	1376	0.68968
2	21	PI152651	PI329435	115	1206	0.0953566
2	22	PI152651	PI52606	946	1394	0.678623
2	23	PI152651	PI526905	451	1366	0.330161
2	24	PI152651	PI527045	441	1362	0.323789
2	25	PI152651	PI533902	681	1479	0.460446
2	26	PI152651	PI533998	942	1421	0.662913
2	27	PI152651	PI534120	693	1477	0.469194
2	28	PI152651	PI534165	489	1414	0.345827
2	29	PI152651	PI535783	907	1445	0.627682
2	30	PI152651	PI535785	875	1426	0.613604
2	31	PI152651	PI535792	949	1492	0.636059
2	32	PI152651	PI535793	913	1342	0.680328
2	33	PI152651	PI535794	852	1366	0.623719
2	34	PI152651	PI535795	878	1418	0.619182
2	35	PI152651	PI535796	876	1420	0.616901
2	36	PI152651	PI540518	921	1311	0.702517
2	37	PI152651	PI542718	609	1469	0.414568
2	38	PI152651	PI550604	686	1336	0.513473
2	39	PI152651	PI566819	530	1246	0.425361
2	40	PI152651	PI569244	651	1411	0.461375
2	41	PI152651	PI576401	637	1467	0.434219
2	42	PI152651	PI586435	757	1334	0.567466
2	43	PI152651	PI593916	699	1307	0.534813
2	44	PI152651	PI620157	576	1367	0.421361
2	45	PI152651	PI63715	833	1341	0.621178
2	46	PI152651	PI641810	881	1408	0.62571
2	47	PI152651	PI641815	917	1385	0.662094
2	48	PI152651	PI641817	846	1363	0.62069
2	49	PI152651	PI641821	891	1351	0.659511
2	50	PI152651	PI641824	681	1390	0.489928
2	51	PI152651	PI641829	657	1458	0.450617
2	52	PI152651	PI641830	915	1466	0.624147
2	53	PI152651	PI641835	926	1356	0.682891
2	54	PI152651	PI641860	918	1395	0.658065
2	55	PI152651	PI641862	865	1471	0.588035
2	56	PI152651	PI653617	547	1388	0.394092
2	57	PI152651	PI655978	606	1362	0.444934
2	58	PI152651	PI655981	619	1422	0.435302
2	59	PI152651	PI656015	550	1457	0.377488
2	60	PI152651	PI656026	358	1322	0.270802
2	61	PI152651	PI656035	489	1391	0.351546
2	62	PI152651	PI656065	555	1437	0.386221
2	63	PI152651	PI92270	611	1485	0.411448
3	4	PI152828	PI152971	341	1183	0.28825
3	5	PI152828	PI154988	555	1251	0.443645
3	6	PI152828	PI157804	528	1026	0.51462
3	7	PI152828	PI170787	544	1387	0.392213
3	8	PI152828	PI175919	546	1403	0.389166
3	9	PI152828	PI176766	442	1308	0.33792
3	10	PI152828	PI179749	464	1261	0.367962
3	11	PI152828	PI180348	460	1252	0.367412
3	12	PI152828	PI181080	449	1260	0.356349
3	13	PI152828	PI181083	450	1219	0.369155
3	14	PI152828	PI196586	524	1317	0.397874
3	15	PI152828	PI196598	558	1337	0.417352
3	16	PI152828	PI197542	510	1433	0.355897
3	17	PI152828	PI19770	517	1386	0.373016
3	18	PI152828	PI217691	368	1133	0.324801
3	19	PI152828	PI255744	319	1164	0.274055
3	20	PI152828	PI302252	547	1378	0.396952
3	21	PI152828	PI329435	120	801	0.149813
3	22	PI152828	PI52606	592	1348	0.439169
3	23	PI152828	PI526905	330	1087	0.303588
3	24	PI152828	PI527045	321	1082	0.296673
3	25	PI152828	PI533902	442	1318	0.335357
3	26	PI152828	PI533998	513	1450	0.353793
3	27	PI152828	PI534120	447	1323	0.337868
3	28	PI152828	PI534165	328	1175	0.279149
3	29	PI152828	PI535783	556	1396	0.398281
3	30	PI152828	PI535785	520	1381	0.376539
3	31	PI152828	PI535792	609	1432	0.425279
3	32	PI152828	PI535793	496	1359	0.364974
3	33	PI152828	PI535794	515	1303	0.395242
3	34	PI152828	PI535795	521	1375	0.378909
3	35	PI152828	PI535796	518	1378	0.375907
3	36	PI152828	PI540518	506	1326	0.381599
3	37	PI152828	PI542718	456	1222	0.373159
3	38	PI152828	PI550604	497	1125	0.441778
3	39	PI152828	PI566819	361	1015	0.355665
3	40	PI152828	PI569244	418	1244	0.336013
3	41	PI152828	PI576401	439	1265	0.347036
3	42	PI152828	PI586435	528	1163	0.453998
3	43	PI152828	PI593916	462	1144	0.403846
3	44	PI152828	PI620157	401	1142	0.351138
3	45	PI152828	PI63715	491	1283	0.382697
3	46	PI152828	PI641810	500	1389	0.359971
3	47	PI152828	PI641815	521	1381	0.377263
3	48	PI152828	PI641817	495	1314	0.376712
3	49	PI152828	PI641821	538	1304	0.412577
3	50	PI152828	PI641824	468	1203	0.389027
3	51	PI152828	PI641829	464	1251	0.370903
3	52	PI152828	PI641830	532	1449	0.36715
3	53	PI152828	PI641835	547	1335	0.409738
3	54	PI152828	PI641860	491	1422	0.345288
3	55	PI152828	PI641862	506	1430	0.353846
3	56	PI152828	PI653617	376	1159	0.324418
3	57	PI152828	PI655978	462	1106	0.417722
3	58	PI152828	PI655981	451	1190	0.378992
3	59	PI152828	PI656015	531	1076	0.493494
3	60	PI152828	PI656026	195	1085	0.179724
3	61	PI152828	PI656035	313	1167	0.268209
3	62	PI152828	PI656065	526	1066	0.493433
3	63	PI152828	PI92270	460	1236	0.372168
4	5	PI152971	PI154988	508	1398	0.363376
4	6	PI152971	PI157804	510	1144	0.445804
4	7	PI152971	PI170787	520	1511	0.344143
4	8	PI152971	PI175919	529	1520	0.348026
4	9	PI152971	PI176766	526	1324	0.397281
4	10	PI152971	PI179749	513	1312	0.391006
4	11	PI152971	PI180348	528	1284	0.411215
4	12	PI152971	PI181080	490	1319	0.371494
4	13	PI152971	PI181083	493	1276	0.386364
4	14	PI152971	PI196586	500	1441	0.346981
4	15	PI152971	PI196598	518	1477	0.350711
4	16	PI152971	PI197542	603	1440	0.41875
4	17	PI152971	PI19770	548	1455	0.376632
4	18	PI152971	PI217691	546	1055	0.517536
4	19	PI152971	PI255744	562	1021	0.550441
4	20	PI152971	PI302252	538	1487	0.361802
4	21	PI152971	PI329435	132	889	0.148481
4	22	PI152971	PI52606	596	1444	0.412742
4	23	PI152971	PI526905	481	1036	0.464286
4	24	PI152971	PI527045	472	1031	0.457808
4	25	PI152971	PI533902	554	1306	0.424196
4	26	PI152971	PI533998	571	1492	0.382708
4	27	PI152971	PI534120	559	1311	0.426392
4	28	PI152971	PI534165	578	1025	0.563902
4	29	PI152971	PI535783	595	1457	0.408373
4	30	PI152971	PI535785	529	1472	0.359375
4	31	PI152971	PI535792	693	1448	0.478591
4	32	PI152971	PI535793	557	1398	0.398426
4	33	PI152971	PI535794	506	1412	0.358357
4	34	PI152971	PI535795	527	1469	0.358747
4	35	PI152971	PI535796	523	1473	0.355058
4	36	PI152971	PI540518	501	1431	0.350105
4	37	PI152971	PI542718	486	1292	0.376161
4	38	PI152971	PI550604	447	1275	0.350588
4	39	PI152971	PI566819	322	1154	0.279029
4	40	PI152971	PI569244	531	1231	0.431357
4	41	PI152971	PI576401	531	1273	0.417125
4	42	PI152971	PI586435	441	1350	0.326667
4	43	PI152971	PI593916	425	1281	0.331772
4	44	PI152971	PI620157	449	1194	0.376047
4	45	PI152971	PI63715	463	1411	0.328136
4	46	PI152971	PI641810	530	1459	0.363263
4	47	PI152971	PI641815	518	1484	0.349057
4	48	PI152971	PI641817	484	1425	0.339649
4	49	PI152971	PI641821	505	1437	0.351427
4	50	PI152971	PI641824	475	1296	0.366512
4	51	PI152971	PI641829	477	1338	0.356502
4	52	PI152971	PI641830	585	1496	0.391043
4	53	PI152971	PI641835	506	1476	0.342818
4	54	PI152971	PI641860	563	1450	0.388276
4	55	PI152971	PI641862	565	1471	0.384092
4	56	PI152971	PI653617	583	1052	0.554183
4	57	PI152971	PI655978	437	1231	0.354996
4	58	PI152971	PI655981	517	1224	0.422386
4	59	PI152971	PI656015	520	1187	0.438079
4	60	PI152971	PI656026	410	970	0.42268
4	61	PI152971	PI656035	566	1014	0.558185
4	62	PI152971	PI656065	508	1184	0.429054
4	63	PI152971	PI92270	497	1299	0.382602
5	6	PI154988	PI157804	529	1407	0.375977
5	7	PI154988	PI170787	944	1369	0.689554
5	8	PI154988	PI175919	963	1368	0.703947
5	9	PI154988	PI176766	641	1491	0.429913
5	10	PI154988	PI179749	608	1499	0.405604
5	11	PI154988	PI180348	604	1490	0.405369
5	12	PI154988	PI181080	623	1468	0.424387
5	13	PI154988	PI181083	567	1484	0.382075
5	14	PI154988	PI196586	905	1318	0.686646
5	15	PI154988	PI196598	977	1300	0.751538
5	16	PI154988	PI197542	838	1487	0.563551
5	17	PI154988	PI19770	884	1401	0.630978
5	18	PI154988	PI217691	512	1371	0.37345
5	19	PI154988	PI255744	489	1376	0.355378
5	20	PI154988	PI302252	935	1372	0.681487
5	21	PI154988	PI329435	128	1175	0.108936
5	22	PI154988	PI52606	944	1378	0.685051
5	23	PI154988	PI526905	474	1325	0.357736
5	24	PI154988	PI527045	463	1322	0.350227
5	25	PI154988	PI533902	650	1492	0.435657
5	26	PI154988	PI533998	898	1447	0.620594
5	27	PI154988	PI534120	660	1492	0.442359
5	28	PI154988	PI534165	496	1389	0.357091
5	29	PI154988	PI535783	906	1428	0.634454
5	30	PI154988	PI535785	886	1397	0.634216
5	31	PI154988	PI535792	961	1462	0.657319
5	32	PI154988	PI535793	833	1404	0.593305
5	33	PI154988	PI535794	882	1318	0.669196
5	34	PI154988	PI535795	887	1391	0.637671
5	35	PI154988	PI535796	883	1395	0.632975
5	36	PI154988	PI540518	901	1313	0.686215
5	37	PI154988	PI542718	572	1488	0.384409
5	38	PI154988	PI550604	681	1323	0.514739
5	39	PI154988	PI566819	537	1221	0.439803
5	40	PI154988	PI569244	651	1393	0.467337
5	41	PI154988	PI576401	600	1486	0.403769
5	42	PI154988	PI586435	771	1302	0.592166
5	43	PI154988	PI593916	698	1290	0.541085
5	44	PI154988	PI620157	597	1328	0.449548
5	45	PI154988	PI63715	806	1350	0.597037
5	46	PI154988	PI641810	897	1374	0.652838
5	47	PI154988	PI641815	944	1340	0.704478
5	48	PI154988	PI641817	826	1365	0.605128
5	49	PI154988	PI641821	926	1298	0.713405
5	50	PI154988	PI641824	648	1405	0.46121
5	51	PI154988	PI641829	615	1482	0.41498
5	52	PI154988	PI641830	934	1429	0.653604
5	53	PI154988	PI641835	953	1311	0.726926
5	54	PI154988	PI641860	910	1385	0.65704
5	55	PI154988	PI641862	882	1436	0.614206
5	56	PI154988	PI653617	531	1386	0.383117
5	57	PI154988	PI655978	627	1323	0.473923
5	58	PI154988	PI655981	597	1426	0.418654
5	59	PI154988	PI656015	529	1460	0.362329
5	60	PI154988	PI656026	337	1325	0.25434
5	61	PI154988	PI656035	486	1376	0.353198
5	62	PI154988	PI656065	529	1445	0.36609
5	63	PI154988	PI92270	580	1498	0.387183
6	7	PI157804	PI170787	533	1528	0.348822
6	8	PI157804	PI175919	538	1541	0.349124
6	9	PI157804	PI176766	567	1313	0.431835
6	10	PI157804	PI179749	589	1266	0.465245
6	11	PI157804	PI180348	588	1254	0.4689
6	12	PI157804	PI181080	536	1303	0.411358
6	13	PI157804	PI181083	583	1216	0.479441
6	14	PI157804	PI196586	525	1446	0.363071
6	15	PI157804	PI196598	524	1501	0.349101
6	16	PI157804	PI197542	626	1447	0.432619
6	17	PI157804	PI19770	571	1462	0.390561
6	18	PI157804	PI217691	513	1118	0.458855
6	19	PI157804	PI255744	475	1138	0.417399
6	20	PI157804	PI302252	561	1494	0.375502
6	21	PI157804	PI329435	154	897	0.171683
6	22	PI157804	PI52606	626	1444	0.433518
6	23	PI157804	PI526905	438	1109	0.39495
6	24	PI157804	PI527045	428	1105	0.38733
6	25	PI157804	PI533902	573	1317	0.43508
6	26	PI157804	PI533998	580	1513	0.383344
6	27	PI157804	PI534120	578	1322	0.437216
6	28	PI157804	PI534165	500	1133	0.441306
6	29	PI157804	PI535783	610	1472	0.414402
6	30	PI157804	PI535785	549	1482	0.370445
6	31	PI157804	PI535792	680	1491	0.45607
6	32	PI157804	PI535793	580	1405	0.412811
6	33	PI157804	PI535794	523	1425	0.367018
6	34	PI157804	PI535795	546	1480	0.368919
6	35	PI157804	PI535796	544	1482	0.367072
6	36	PI157804	PI540518	524	1438	0.364395
6	37	PI157804	PI542718	563	1245	0.452209
6	38	PI157804	PI550604	523	1229	0.425549
6	39	PI157804	PI566819	325	1181	0.275191
6	40	PI157804	PI569244	549	1243	0.441673
6	41	PI157804	PI576401	581	1253	0.463687
6	42	PI157804	PI586435	484	1337	0.362004
6	43	PI157804	PI593916	431	1305	0.330268
6	44	PI157804	PI620157	513	1160	0.442241
6	45	PI157804	PI63715	492	1412	0.348442
6	46	PI157804	PI641810	556	1463	0.380041
6	47	PI157804	PI641815	550	1482	0.37112
6	48	PI157804	PI641817	521	1418	0.367419
6	49	PI157804	PI641821	531	1441	0.368494
6	50	PI157804	PI641824	534	1267	0.421468
6	51	PI157804	PI641829	540	1305	0.413793
6	52	PI157804	PI641830	620	1491	0.415828
6	53	PI157804	PI641835	531	1481	0.358542
6	54	PI157804	PI641860	573	1470	0.389796
6	55	PI157804	PI641862	588	1478	0.397835
6	56	PI157804	PI653617	448	1217	0.368118
6	57	PI157804	PI655978	512	1186	0.431703
6	58	PI157804	PI655981	568	1203	0.472153
6	59	PI157804	PI656015	703	1034	0.679884
6	60	PI157804	PI656026	358	1052	0.340304
6	61	PI157804	PI656035	490	1120	0.4375
6	62	PI157804	PI656065	706	1016	0.694882
6	63	PI157804	PI92270	587	1239	0.473769
7	8	PI170787	PI175919	1214	1242	0.977456
7	9	PI170787	PI176766	704	1553	0.453316
7	10	PI170787	PI179749	661	1571	0.420751
7	11	PI170787	PI180348	660	1559	0.423348
7	12	PI170787	PI181080	713	1503	0.474385
7	13	PI170787	PI181083	620	1556	0.398458
7	14	PI170787	PI196586	971	1377	0.705156
7	15	PI170787	PI196598	1024	1378	0.743106
7	16	PI170787	PI197542	916	1534	0.597132
7	17	PI170787	PI19770	1009	1401	0.7202
7	18	PI170787	PI217691	509	1499	0.33956
7	19	PI170787	PI255744	487	1503	0.324019
7	20	PI170787	PI302252	1034	1398	0.739628
7	21	PI170787	PI329435	134	1294	0.103555
7	22	PI170787	PI52606	943	1504	0.626995
7	23	PI170787	PI526905	474	1450	0.326897
7	24	PI170787	PI527045	463	1447	0.319972
7	25	PI170787	PI533902	708	1559	0.454137
7	26	PI170787	PI533998	1039	1431	0.726066
7	27	PI170787	PI534120	727	1550	0.469032
7	28	PI170787	PI534165	499	1511	0.330245
7	29	PI170787	PI535783	982	1477	0.664861
7	30	PI170787	PI535785	1008	1400	0.72
7	31	PI170787	PI535792	975	1573	0.619835
7	32	PI170787	PI535793	915	1447	0.632343
7	33	PI170787	PI535794	914	1411	0.647768
7	34	PI170787	PI535795	1007	1396	0.721347
7	35	PI170787	PI535796	1006	1397	0.720115
7	36	PI170787	PI540518	991	1348	0.735163
7	37	PI170787	PI542718	622	1563	0.397953
7	38	PI170787	PI550604	693	1436	0.482591
7	39	PI170787	PI566819	556	1327	0.41899
7	40	PI170787	PI569244	666	1503	0.443114
7	41	PI170787	PI576401	650	1561	0.4164
7	42	PI170787	PI586435	769	1429	0.538139
7	43	PI170787	PI593916	744	1369	0.543462
7	44	PI170787	PI620157	563	1487	0.378615
7	45	PI170787	PI63715	910	1371	0.663749
7	46	PI170787	PI641810	1022	1374	0.743814
7	47	PI170787	PI641815	1104	1305	0.845977
7	48	PI170787	PI641817	939	1377	0.681917
7	49	PI170787	PI641821	996	1353	0.736142
7	50	PI170787	PI641824	733	1445	0.507266
7	51	PI170787	PI641829	677	1545	0.438188
7	52	PI170787	PI641830	1058	1430	0.73986
7	53	PI170787	PI641835	1074	1315	0.81673
7	54	PI170787	PI641860	1010	1410	0.716312
7	55	PI170787	PI641862	984	1459	0.674435
7	56	PI170787	PI653617	620	1422	0.436006
7	57	PI170787	PI655978	606	1469	0.412526
7	58	PI170787	PI655981	619	1529	0.40484
7	59	PI170787	PI656015	571	1543	0.370058
7	60	PI170787	PI656026	354	1433	0.247034
7	61	PI170787	PI656035	489	1498	0.326435
7	62	PI170787	PI656065	572	1527	0.374591
7	63	PI170787	PI92270	630	1573	0.400509
8	9	PI175919	PI176766	717	1558	0.460205
8	10	PI175919	PI179749	671	1579	0.424953
8	11	PI175919	PI180348	669	1568	0.426658
8	12	PI175919	PI181080	720	1514	0.475561
8	13	PI175919	PI181083	629	1565	0.401917
8	14	PI175919	PI196586	980	1386	0.707071
8	15	PI175919	PI196598	1034	1386	0.746032
8	16	PI175919	PI197542	932	1536	0.606771
8	17	PI175919	PI19770	1025	1403	0.730577
8	18	PI175919	PI217691	519	1507	0.344393
8	19	PI175919	PI255744	496	1512	0.328042
8	20	PI175919	PI302252	1049	1401	0.748751
8	21	PI175919	PI329435	137	1309	0.10466
8	22	PI175919	PI52606	957	1508	0.634615
8	23	PI175919	PI526905	484	1458	0.331962
8	24	PI175919	PI527045	473	1455	0.325086
8	25	PI175919	PI533902	715	1570	0.455414
8	26	PI175919	PI533998	1049	1439	0.728978
8	27	PI175919	PI534120	736	1559	0.472097
8	28	PI175919	PI534165	507	1521	0.333333
8	29	PI175919	PI535783	998	1479	0.67478
8	30	PI175919	PI535785	1022	1404	0.72792
8	31	PI175919	PI535792	987	1579	0.625079
8	32	PI175919	PI535793	931	1449	0.642512
8	33	PI175919	PI535794	926	1417	0.653493
8	34	PI175919	PI535795	1023	1398	0.73176
8	35	PI175919	PI535796	1019	1402	0.726819
8	36	PI175919	PI540518	1003	1354	0.740768
8	37	PI175919	PI542718	632	1571	0.402292
8	38	PI175919	PI550604	701	1446	0.484786
8	39	PI175919	PI566819	569	1332	0.427177
8	40	PI175919	PI569244	679	1508	0.450265
8	41	PI175919	PI576401	660	1569	0.42065
8	42	PI175919	PI586435	784	1432	0.547486
8	43	PI175919	PI593916	755	1376	0.548692
8	44	PI175919	PI620157	576	1492	0.386059
8	45	PI175919	PI63715	920	1379	0.66715
8	46	PI175919	PI641810	1037	1377	0.753086
8	47	PI175919	PI641815	1122	1305	0.85977
8	48	PI175919	PI641817	951	1383	0.687636
8	49	PI175919	PI641821	1012	1355	0.746863
8	50	PI175919	PI641824	744	1452	0.512397
8	51	PI175919	PI641829	692	1548	0.447028
8	52	PI175919	PI641830	1072	1434	0.747559
8	53	PI175919	PI641835	1091	1316	0.829027
8	54	PI175919	PI641860	1022	1416	0.721751
8	55	PI175919	PI641862	999	1462	0.683311
8	56	PI175919	PI653617	629	1431	0.439553
8	57	PI175919	PI655978	612	1481	0.413234
8	58	PI175919	PI655981	627	1539	0.407407
8	59	PI175919	PI656015	580	1552	0.373711
8	60	PI175919	PI656026	358	1447	0.247408
8	61	PI175919	PI656035	495	1510	0.327815
8	62	PI175919	PI656065	576	1541	0.373783
8	63	PI175919	PI92270	636	1585	0.401262
9	10	PI176766	PI179749	745	1306	0.570444
9	11	PI176766	PI180348	706	1332	0.53003
9	12	PI176766	PI181080	789	1246	0.633226
9	13	PI176766	PI181083	689	1306	0.527565
9	14	PI176766	PI196586	662	1505	0.439867
9	15	PI176766	PI196598	697	1524	0.457349
9	16	PI176766	PI197542	804	1465	0.548805
9	17	PI176766	PI19770	693	1536	0.451172
9	18	PI176766	PI217691	532	1295	0.410811
9	19	PI176766	PI255744	516	1293	0.399072
9	20	PI176766	PI302252	715	1536	0.465495
9	21	PI176766	PI329435	144	1103	0.130553
9	22	PI176766	PI52606	747	1519	0.491771
9	23	PI176766	PI526905	470	1273	0.369207
9	24	PI176766	PI527045	458	1271	0.360346
9	25	PI176766	PI533902	762	1324	0.575529
9	26	PI176766	PI533998	734	1555	0.472026
9	27	PI176766	PI534120	765	1331	0.574756
9	28	PI176766	PI534165	522	1307	0.399388
9	29	PI176766	PI535783	725	1553	0.466838
9	30	PI176766	PI535785	679	1548	0.43863
9	31	PI176766	PI535792	812	1555	0.522186
9	32	PI176766	PI535793	722	1459	0.494859
9	33	PI176766	PI535794	637	1507	0.422694
9	34	PI176766	PI535795	678	1544	0.439119
9	35	PI176766	PI535796	677	1545	0.438188
9	36	PI176766	PI540518	669	1489	0.449295
9	37	PI176766	PI542718	725	1279	0.566849
9	38	PI176766	PI550604	566	1382	0.409551
9	39	PI176766	PI566819	404	1298	0.311248
9	40	PI176766	PI569244	658	1330	0.494737
9	41	PI176766	PI576401	697	1333	0.522881
9	42	PI176766	PI586435	651	1366	0.476574
9	43	PI176766	PI593916	547	1385	0.394946
9	44	PI176766	PI620157	564	1305	0.432184
9	45	PI176766	PI63715	668	1432	0.46648
9	46	PI176766	PI641810	671	1544	0.434585
9	47	PI176766	PI641815	667	1561	0.42729
9	48	PI176766	PI641817	689	1446	0.476487
9	49	PI176766	PI641821	658	1510	0.435762
9	50	PI176766	PI641824	624	1373	0.454479
9	51	PI176766	PI641829	694	1347	0.515219
9	52	PI176766	PI641830	727	1580	0.460127
9	53	PI176766	PI641835	663	1545	0.429126
9	54	PI176766	PI641860	695	1544	0.45013
9	55	PI176766	PI641862	726	1536	0.472656
9	56	PI176766	PI653617	546	1315	0.415209
9	57	PI176766	PI655978	563	1331	0.42299
9	58	PI176766	PI655981	654	1313	0.498096
9	59	PI176766	PI656015	615	1318	0.466616
9	60	PI176766	PI656026	391	1215	0.321811
9	61	PI176766	PI656035	517	1289	0.401086
9	62	PI176766	PI656065	600	1318	0.455235
9	63	PI176766	PI92270	728	1294	0.562597
10	11	PI179749	PI180348	820	1193	0.687343
10	12	PI179749	PI181080	692	1318	0.525038
10	13	PI179749	PI181083	800	1170	0.683761
10	14	PI179749	PI196586	630	1512	0.416667
10	15	PI179749	PI196598	654	1542	0.424125
10	16	PI179749	PI197542	792	1452	0.545455
10	17	PI179749	PI19770	691	1513	0.456709
10	18	PI179749	PI217691	510	1292	0.394737
10	19	PI179749	PI255744	479	1305	0.36705
10	20	PI179749	PI302252	678	1548	0.437984
10	21	PI179749	PI329435	138	1084	0.127306
10	22	PI179749	PI52606	737	1504	0.490027
10	23	PI179749	PI526905	460	1258	0.36566
10	24	PI179749	PI527045	449	1255	0.357769
10	25	PI179749	PI533902	724	1337	0.541511
10	26	PI179749	PI533998	731	1533	0.476843
10	27	PI179749	PI534120	719	1352	0.531805
10	28	PI179749	PI534165	518	1286	0.402799
10	29	PI179749	PI535783	720	1533	0.469667
10	30	PI179749	PI535785	675	1527	0.442043
10	31	PI179749	PI535792	795	1547	0.513898
10	32	PI179749	PI535793	700	1456	0.480769
10	33	PI179749	PI535794	636	1483	0.42886
10	34	PI179749	PI535795	673	1524	0.441601
10	35	PI179749	PI535796	674	1523	0.442548
10	36	PI179749	PI540518	640	1493	0.428667
10	37	PI179749	PI542718	760	1219	0.623462
10	38	PI179749	PI550604	584	1339	0.436146
10	39	PI179749	PI566819	388	1289	0.301009
10	40	PI179749	PI569244	676	1287	0.525253
10	41	PI179749	PI576401	791	1214	0.651565
10	42	PI179749	PI586435	606	1386	0.437229
10	43	PI179749	PI593916	493	1414	0.348656
10	44	PI179749	PI620157	559	1285	0.435019
10	45	PI179749	PI63715	610	1465	0.416382
10	46	PI179749	PI641810	666	1524	0.437008
10	47	PI179749	PI641815	647	1556	0.41581
10	48	PI179749	PI641817	633	1477	0.428571
10	49	PI179749	PI641821	641	1502	0.426764
10	50	PI179749	PI641824	661	1311	0.504195
10	51	PI179749	PI641829	714	1302	0.548387
10	52	PI179749	PI641830	713	1569	0.45443
10	53	PI179749	PI641835	629	1554	0.404762
10	54	PI179749	PI641860	693	1521	0.455621
10	55	PI179749	PI641862	716	1521	0.470743
10	56	PI179749	PI653617	496	1340	0.370149
10	57	PI179749	PI655978	573	1296	0.44213
10	58	PI179749	PI655981	636	1306	0.486983
10	59	PI179749	PI656015	646	1262	0.511886
10	60	PI179749	PI656026	386	1195	0.323013
10	61	PI179749	PI656035	484	1297	0.373169
10	62	PI179749	PI656065	623	1270	0.490551
10	63	PI179749	PI92270	761	1236	0.615696
11	12	PI180348	PI181080	691	1306	0.529096
11	13	PI180348	PI181083	773	1184	0.652872
11	14	PI180348	PI196586	629	1500	0.419333
11	15	PI180348	PI196598	645	1538	0.419376
11	16	PI180348	PI197542	790	1441	0.54823
11	17	PI180348	PI19770	680	1511	0.450033
11	18	PI180348	PI217691	507	1282	0.395476
11	19	PI180348	PI255744	479	1292	0.370743
11	20	PI180348	PI302252	680	1533	0.443575
11	21	PI180348	PI329435	140	1069	0.130964
11	22	PI180348	PI52606	712	1516	0.469657
11	23	PI180348	PI526905	444	1261	0.352102
11	24	PI180348	PI527045	433	1258	0.344197
11	25	PI180348	PI533902	728	1320	0.551515
11	26	PI180348	PI533998	719	1532	0.469321
11	27	PI180348	PI534120	728	1330	0.547368
11	28	PI180348	PI534165	533	1258	0.423688
11	29	PI180348	PI535783	699	1541	0.453602
11	30	PI180348	PI535785	653	1536	0.42513
11	31	PI180348	PI535792	784	1545	0.507443
11	32	PI180348	PI535793	692	1451	0.476912
11	33	PI180348	PI535794	621	1485	0.418182
11	34	PI180348	PI535795	654	1530	0.427451
11	35	PI180348	PI535796	651	1533	0.424658
11	36	PI180348	PI540518	644	1476	0.436314
11	37	PI180348	PI542718	740	1226	0.603589
11	38	PI180348	PI550604	553	1357	0.407517
11	39	PI180348	PI566819	374	1290	0.289922
11	40	PI180348	PI569244	688	1262	0.545166
11	41	PI180348	PI576401	885	1107	0.799458
11	42	PI180348	PI586435	581	1398	0.415594
11	43	PI180348	PI593916	509	1385	0.367509
11	44	PI180348	PI620157	532	1299	0.409546
11	45	PI180348	PI63715	598	1464	0.40847
11	46	PI180348	PI641810	651	1526	0.426606
11	47	PI180348	PI641815	636	1554	0.409266
11	48	PI180348	PI641817	617	1480	0.416892
11	49	PI180348	PI641821	637	1493	0.426658
11	50	PI180348	PI641824	637	1322	0.481846
11	51	PI180348	PI641829	705	1298	0.543143
11	52	PI180348	PI641830	697	1572	0.443384
11	53	PI180348	PI641835	618	1552	0.398196
11	54	PI180348	PI641860	669	1532	0.436684
11	55	PI180348	PI641862	694	1530	0.453595
11	56	PI180348	PI653617	498	1325	0.375849
11	57	PI180348	PI655978	535	1321	0.404996
11	58	PI180348	PI655981	590	1339	0.440627
11	59	PI180348	PI656015	626	1269	0.493302
11	60	PI180348	PI656026	379	1189	0.318755
11	61	PI180348	PI656035	492	1276	0.38558
11	62	PI180348	PI656065	617	1263	0.488519
11	63	PI180348	PI92270	752	1232	0.61039
12	13	PI181080	PI181083	660	1294	0.510046
12	14	PI181080	PI196586	665	1461	0.455168
12	15	PI181080	PI196598	680	1500	0.453333
12	16	PI181080	PI197542	769	1459	0.527073
12	17	PI181080	PI19770	681	1507	0.451891
12	18	PI181080	PI217691	495	1291	0.383424
12	19	PI181080	PI255744	490	1278	0.383412
12	20	PI181080	PI302252	724	1486	0.487214
12	21	PI181080	PI329435	141	1065	0.132394
12	22	PI181080	PI52606	709	1516	0.467678
12	23	PI181080	PI526905	448	1254	0.357257
12	24	PI181080	PI527045	444	1244	0.356913
12	25	PI181080	PI533902	724	1321	0.54807
12	26	PI181080	PI533998	708	1540	0.45974
12	27	PI181080	PI534120	720	1335	0.539326
12	28	PI181080	PI534165	485	1303	0.372218
12	29	PI181080	PI535783	702	1535	0.457329
12	30	PI181080	PI535785	646	1540	0.419481
12	31	PI181080	PI535792	786	1540	0.51039
12	32	PI181080	PI535793	671	1469	0.456773
12	33	PI181080	PI535794	606	1497	0.40481
12	34	PI181080	PI535795	645	1536	0.419922
12	35	PI181080	PI535796	646	1535	0.420847
12	36	PI181080	PI540518	680	1437	0.473208
12	37	PI181080	PI542718	666	1297	0.513493
12	38	PI181080	PI550604	555	1352	0.410503
12	39	PI181080	PI566819	379	1282	0.295632
12	40	PI181080	PI569244	631	1316	0.479483
12	41	PI181080	PI576401	676	1313	0.514851
12	42	PI181080	PI586435	671	1305	0.514176
12	43	PI181080	PI593916	540	1351	0.399704
12	44	PI181080	PI620157	494	1334	0.370315
12	45	PI181080	PI63715	676	1383	0.488792
12	46	PI181080	PI641810	637	1537	0.414444
12	47	PI181080	PI641815	668	1519	0.439763
12	48	PI181080	PI641817	692	1402	0.493581
12	49	PI181080	PI641821	664	1463	0.453862
12	50	PI181080	PI641824	577	1379	0.418419
12	51	PI181080	PI641829	641	1359	0.47167
12	52	PI181080	PI641830	693	1573	0.440559
12	53	PI181080	PI641835	662	1505	0.439867
12	54	PI181080	PI641860	653	1545	0.422654
12	55	PI181080	PI641862	685	1536	0.445964
12	56	PI181080	PI653617	543	1277	0.425215
12	57	PI181080	PI655978	537	1316	0.408055
12	58	PI181080	PI655981	588	1338	0.439462
12	59	PI181080	PI656015	591	1301	0.454266
12	60	PI181080	PI656026	344	1221	0.281736
12	61	PI181080	PI656035	481	1284	0.374611
12	62	PI181080	PI656065	574	1303	0.440522
12	63	PI181080	PI92270	679	1302	0.521505
13	14	PI181083	PI196586	582	1504	0.386968
13	15	PI181083	PI196598	612	1528	0.400524
13	16	PI181083	PI197542	760	1428	0.532213
13	17	PI181083	PI19770	648	1500	0.432
13	18	PI181083	PI217691	449	1297	0.346184
13	19	PI181083	PI255744	438	1290	0.339535
13	20	PI181083	PI302252	631	1539	0.410006
13	21	PI181083	PI329435	140	1026	0.136452
13	22	PI181083	PI52606	680	1505	0.451827
13	23	PI181083	PI526905	408	1254	0.325359
13	24	PI181083	PI527045	397	1251	0.317346
13	25	PI181083	PI533902	681	1324	0.51435
13	26	PI181083	PI533998	680	1528	0.445026
13	27	PI181083	PI534120	677	1338	0.505979
13	28	PI181083	PI534165	496	1252	0.396166
13	29	PI181083	PI535783	682	1515	0.450165
13	30	PI181083	PI535785	627	1519	0.412772
13	31	PI181083	PI535792	745	1541	0.483452
13	32	PI181083	PI535793	648	1452	0.446281
13	33	PI181083	PI535794	579	1484	0.390162
13	34	PI181083	PI535795	628	1513	0.415069
13	35	PI181083	PI535796	624	1517	0.411338
13	36	PI181083	PI540518	605	1472	0.411005
13	37	PI181083	PI542718	763	1160	0.657759
13	38	PI181083	PI550604	569	1298	0.438367
13	39	PI181083	PI566819	390	1231	0.316816
13	40	PI181083	PI569244	637	1270	0.501575
13	41	PI181083	PI576401	756	1193	0.633697
13	42	PI181083	PI586435	555	1381	0.401883
13	43	PI181083	PI593916	476	1375	0.346182
13	44	PI181083	PI620157	520	1268	0.410095
13	45	PI181083	PI63715	562	1457	0.385724
13	46	PI181083	PI641810	614	1520	0.403947
13	47	PI181083	PI641815	602	1545	0.389644
13	48	PI181083	PI641817	579	1475	0.392542
13	49	PI181083	PI641821	583	1504	0.387633
13	50	PI181083	PI641824	661	1255	0.526693
13	51	PI181083	PI641829	721	1239	0.581921
13	52	PI181083	PI641830	668	1558	0.428755
13	53	PI181083	PI641835	583	1544	0.377591
13	54	PI181083	PI641860	629	1529	0.41138
13	55	PI181083	PI641862	668	1513	0.441507
13	56	PI181083	PI653617	484	1296	0.373457
13	57	PI181083	PI655978	516	1297	0.397841
13	58	PI181083	PI655981	588	1298	0.453005
13	59	PI181083	PI656015	616	1236	0.498382
13	60	PI181083	PI656026	371	1154	0.32149
13	61	PI181083	PI656035	475	1250	0.38
13	62	PI181083	PI656065	592	1245	0.475502
13	63	PI181083	PI92270	772	1169	0.660393
14	15	PI196586	PI196598	1025	1287	0.796426
14	16	PI196586	PI197542	868	1492	0.581769
14	17	PI196586	PI19770	884	1436	0.615599
14	18	PI196586	PI217691	487	1431	0.340321
14	19	PI196586	PI255744	474	1426	0.332398
14	20	PI196586	PI302252	1101	1241	0.887188
14	21	PI196586	PI329435	119	1219	0.097621
14	22	PI196586	PI52606	938	1419	0.661029
14	23	PI196586	PI526905	458	1376	0.332849
14	24	PI196586	PI527045	447	1373	0.325564
14	25	PI196586	PI533902	696	1481	0.469953
14	26	PI196586	PI533998	976	1404	0.695157
14	27	PI196586	PI534120	706	1481	0.476705
14	28	PI196586	PI534165	461	1459	0.31597
14	29	PI196586	PI535783	916	1453	0.63042
14	30	PI196586	PI535785	909	1409	0.645138
14	31	PI196586	PI535792	949	1509	0.628893
14	32	PI196586	PI535793	885	1387	0.638068
14	33	PI196586	PI535794	962	1273	0.755695
14	34	PI196586	PI535795	904	1409	0.64159
14	35	PI196586	PI535796	902	1411	0.639263
14	36	PI196586	PI540518	930	1319	0.70508
14	37	PI196586	PI542718	579	1516	0.381926
14	38	PI196586	PI550604	682	1357	0.502579
14	39	PI196586	PI566819	507	1286	0.394246
14	40	PI196586	PI569244	652	1427	0.456903
14	41	PI196586	PI576401	612	1509	0.405567
14	42	PI196586	PI586435	800	1308	0.611621
14	43	PI196586	PI593916	714	1309	0.545455
14	44	PI196586	PI620157	564	1396	0.404011
14	45	PI196586	PI63715	867	1324	0.654834
14	46	PI196586	PI641810	915	1391	0.6578
14	47	PI196586	PI641815	937	1382	0.678003
14	48	PI196586	PI641817	892	1334	0.668666
14	49	PI196586	PI641821	995	1264	0.787184
14	50	PI196586	PI641824	668	1420	0.470423
14	51	PI196586	PI641829	632	1500	0.421333
14	52	PI196586	PI641830	944	1454	0.649243
14	53	PI196586	PI641835	926	1373	0.674436
14	54	PI196586	PI641860	926	1404	0.659544
14	55	PI196586	PI641862	948	1405	0.674733
14	56	PI196586	PI653617	534	1418	0.376587
14	57	PI196586	PI655978	608	1377	0.44154
14	58	PI196586	PI655981	584	1474	0.396201
14	59	PI196586	PI656015	527	1497	0.352037
14	60	PI196586	PI656026	334	1363	0.245048
14	61	PI196586	PI656035	480	1417	0.338744
14	62	PI196586	PI656065	527	1482	0.355601
14	63	PI196586	PI92270	596	1517	0.392881
15	16	PI196598	PI197542	902	1512	0.596561
15	17	PI196598	PI19770	925	1449	0.638371
15	18	PI196598	PI217691	505	1467	0.34424
15	19	PI196598	PI255744	495	1459	0.339273
15	20	PI196598	PI302252	1042	1354	0.769572
15	21	PI196598	PI329435	119	1273	0.09348
15	22	PI196598	PI52606	985	1426	0.690743
15	23	PI196598	PI526905	476	1412	0.33711
15	24	PI196598	PI527045	469	1405	0.333808
15	25	PI196598	PI533902	705	1526	0.461992
15	26	PI196598	PI533998	1005	1429	0.703289
15	27	PI196598	PI534120	724	1517	0.477258
15	28	PI196598	PI534165	500	1474	0.339213
15	29	PI196598	PI535783	947	1476	0.641599
15	30	PI196598	PI535785	943	1429	0.659902
15	31	PI196598	PI535792	996	1516	0.656992
15	32	PI196598	PI535793	893	1433	0.623168
15	33	PI196598	PI535794	929	1360	0.683088
15	34	PI196598	PI535795	942	1425	0.661053
15	35	PI196598	PI535796	943	1424	0.662219
15	36	PI196598	PI540518	955	1348	0.708457
15	37	PI196598	PI542718	609	1540	0.395455
15	38	PI196598	PI550604	717	1376	0.521076
15	39	PI196598	PI566819	585	1262	0.46355
15	40	PI196598	PI569244	668	1465	0.455973
15	41	PI196598	PI576401	642	1533	0.418787
15	42	PI196598	PI586435	811	1351	0.600296
15	43	PI196598	PI593916	738	1339	0.551158
15	44	PI196598	PI620157	566	1448	0.390884
15	45	PI196598	PI63715	904	1341	0.674124
15	46	PI196598	PI641810	936	1424	0.657303
15	47	PI196598	PI641815	989	1384	0.714595
15	48	PI196598	PI641817	910	1370	0.664234
15	49	PI196598	PI641821	997	1316	0.757599
15	50	PI196598	PI641824	689	1453	0.474191
15	51	PI196598	PI641829	653	1533	0.425962
15	52	PI196598	PI641830	986	1466	0.672578
15	53	PI196598	PI641835	986	1367	0.721287
15	54	PI196598	PI641860	983	1401	0.701642
15	55	PI196598	PI641862	956	1451	0.658856
15	56	PI196598	PI653617	590	1416	0.416667
15	57	PI196598	PI655978	635	1404	0.452279
15	58	PI196598	PI655981	612	1500	0.408
15	59	PI196598	PI656015	544	1534	0.354628
15	60	PI196598	PI656026	335	1416	0.236582
15	61	PI196598	PI656035	479	1472	0.325408
15	62	PI196598	PI656065	540	1523	0.354563
15	63	PI196598	PI92270	621	1546	0.401682
16	17	PI197542	PI19770	921	1501	0.613591
16	18	PI197542	PI217691	580	1440	0.402778
16	19	PI197542	PI255744	571	1431	0.399022
16	20	PI197542	PI302252	936	1508	0.62069
16	21	PI197542	PI329435	157	1283	0.122369
16	22	PI197542	PI52606	931	1528	0.609293
16	23	PI197542	PI526905	509	1427	0.356692
16	24	PI197542	PI527045	496	1426	0.347826
16	25	PI197542	PI533902	800	1479	0.540906
16	26	PI197542	PI533998	948	1534	0.617992
16	27	PI197542	PI534120	816	1473	0.553971
16	28	PI197542	PI534165	571	1451	0.393522
16	29	PI197542	PI535783	943	1528	0.617147
16	30	PI197542	PI535785	900	1520	0.592105
16	31	PI197542	PI535792	975	1585	0.615142
16	32	PI197542	PI535793	873	1501	0.581612
16	33	PI197542	PI535794	872	1465	0.595222
16	34	PI197542	PI535795	898	1517	0.591958
16	35	PI197542	PI535796	897	1518	0.590909
16	36	PI197542	PI540518	876	1475	0.593898
16	37	PI197542	PI542718	785	1412	0.555949
16	38	PI197542	PI550604	679	1462	0.464432
16	39	PI197542	PI566819	465	1430	0.325175
16	40	PI197542	PI569244	751	1430	0.525175
16	41	PI197542	PI576401	780	1443	0.540541
16	42	PI197542	PI586435	702	1508	0.465517
16	43	PI197542	PI593916	692	1433	0.482903
16	44	PI197542	PI620157	635	1427	0.444989
16	45	PI197542	PI63715	794	1499	0.529686
16	46	PI197542	PI641810	918	1490	0.616107
16	47	PI197542	PI641815	915	1506	0.60757
16	48	PI197542	PI641817	810	1518	0.533597
16	49	PI197542	PI641821	884	1477	0.59851
16	50	PI197542	PI641824	699	1491	0.468813
16	51	PI197542	PI641829	783	1451	0.539628
16	52	PI197542	PI641830	989	1511	0.654533
16	53	PI197542	PI641835	907	1494	0.607095
16	54	PI197542	PI641860	915	1517	0.603164
16	55	PI197542	PI641862	917	1538	0.596229
16	56	PI197542	PI653617	606	1448	0.418508
16	57	PI197542	PI655978	615	1472	0.417799
16	58	PI197542	PI655981	680	1480	0.459459
16	59	PI197542	PI656015	675	1451	0.465196
16	60	PI197542	PI656026	406	1393	0.291457
16	61	PI197542	PI656035	576	1423	0.404779
16	62	PI197542	PI656065	651	1460	0.44589
16	63	PI197542	PI92270	789	1426	0.553296
17	18	PI19770	PI217691	560	1420	0.394366
17	19	PI19770	PI255744	549	1413	0.388535
17	20	PI19770	PI302252	956	1448	0.660221
17	21	PI19770	PI329435	125	1275	0.0980392
17	22	PI19770	PI52606	918	1501	0.611592
17	23	PI19770	PI526905	494	1402	0.352354
17	24	PI19770	PI527045	481	1401	0.343326
17	25	PI19770	PI533902	710	1529	0.464356
17	26	PI19770	PI533998	991	1451	0.682977
17	27	PI19770	PI534120	725	1524	0.475722
17	28	PI19770	PI534165	533	1449	0.36784
17	29	PI19770	PI535783	986	1445	0.682353
17	30	PI19770	PI535785	1034	1346	0.768202
17	31	PI19770	PI535792	962	1558	0.617458
17	32	PI19770	PI535793	898	1436	0.625348
17	33	PI19770	PI535794	892	1405	0.634875
17	34	PI19770	PI535795	1033	1342	0.769747
17	35	PI19770	PI535796	1031	1344	0.767113
17	36	PI19770	PI540518	923	1388	0.664986
17	37	PI19770	PI542718	658	1499	0.438959
17	38	PI19770	PI550604	697	1404	0.496439
17	39	PI19770	PI566819	503	1352	0.372041
17	40	PI19770	PI569244	696	1445	0.481661
17	41	PI19770	PI576401	664	1519	0.43713
17	42	PI19770	PI586435	753	1417	0.531404
17	43	PI19770	PI593916	693	1392	0.497845
17	44	PI19770	PI620157	626	1396	0.448424
17	45	PI19770	PI63715	829	1424	0.582163
17	46	PI19770	PI641810	1008	1360	0.741176
17	47	PI19770	PI641815	1030	1351	0.762398
17	48	PI19770	PI641817	842	1446	0.582296
17	49	PI19770	PI641821	925	1396	0.662607
17	50	PI19770	PI641824	815	1335	0.610487
17	51	PI19770	PI641829	717	1477	0.485443
17	52	PI19770	PI641830	1076	1384	0.777457
17	53	PI19770	PI641835	1016	1345	0.75539
17	54	PI19770	PI641860	1048	1344	0.779762
17	55	PI19770	PI641862	1008	1407	0.716418
17	56	PI19770	PI653617	597	1417	0.421313
17	57	PI19770	PI655978	616	1431	0.430468
17	58	PI19770	PI655981	642	1478	0.434371
17	59	PI19770	PI656015	579	1507	0.384207
17	60	PI19770	PI656026	372	1387	0.268205
17	61	PI19770	PI656035	509	1450	0.351034
17	62	PI19770	PI656065	585	1486	0.393674
17	63	PI19770	PI92270	661	1514	0.436592
18	19	PI217691	PI255744	570	990	0.575758
18	20	PI217691	PI302252	529	1473	0.359131
18	21	PI217691	PI329435	120	878	0.136674
18	22	PI217691	PI52606	599	1418	0.422426
18	23	PI217691	PI526905	605	889	0.68054
18	24	PI217691	PI527045	594	886	0.670429
18	25	PI217691	PI533902	537	1300	0.413077
18	26	PI217691	PI533998	536	1504	0.356383
18	27	PI217691	PI534120	533	1314	0.405632
18	28	PI217691	PI534165	542	1038	0.522158
18	29	PI217691	PI535783	570	1459	0.390679
18	30	PI217691	PI535785	524	1454	0.360385
18	31	PI217691	PI535792	689	1429	0.482155
18	32	PI217691	PI535793	554	1378	0.402032
18	33	PI217691	PI535794	508	1387	0.366258
18	34	PI217691	PI535795	522	1451	0.359752
18	35	PI217691	PI535796	519	1454	0.356946
18	36	PI217691	PI540518	490	1419	0.345314
18	37	PI217691	PI542718	458	1297	0.353123
18	38	PI217691	PI550604	461	1238	0.372375
18	39	PI217691	PI566819	305	1148	0.265679
18	40	PI217691	PI569244	551	1188	0.463805
18	41	PI217691	PI576401	503	1278	0.393584
18	42	PI217691	PI586435	479	1289	0.371606
18	43	PI217691	PI593916	412	1271	0.324154
18	44	PI217691	PI620157	471	1149	0.409922
18	45	PI217691	PI63715	468	1383	0.338395
18	46	PI217691	PI641810	508	1458	0.348422
18	47	PI217691	PI641815	505	1474	0.342605
18	48	PI217691	PI641817	492	1394	0.352941
18	49	PI217691	PI641821	508	1411	0.360028
18	50	PI217691	PI641824	461	1287	0.358197
18	51	PI217691	PI641829	450	1342	0.33532
18	52	PI217691	PI641830	549	1509	0.363817
18	53	PI217691	PI641835	497	1462	0.339945
18	54	PI217691	PI641860	551	1439	0.382905
18	55	PI217691	PI641862	554	1459	0.379712
18	56	PI217691	PI653617	486	1126	0.431616
18	57	PI217691	PI655978	460	1185	0.388186
18	58	PI217691	PI655981	522	1196	0.436455
18	59	PI217691	PI656015	541	1143	0.473316
18	60	PI217691	PI656026	361	996	0.36245
18	61	PI217691	PI656035	516	1041	0.495677
18	62	PI217691	PI656065	524	1145	0.457642
18	63	PI217691	PI92270	465	1308	0.355505
19	20	PI255744	PI302252	517	1467	0.35242
19	21	PI255744	PI329435	119	861	0.138211
19	22	PI255744	PI52606	548	1451	0.377671
19	23	PI255744	PI526905	521	955	0.54555
19	24	PI255744	PI527045	511	951	0.537329
19	25	PI255744	PI533902	523	1296	0.403549
19	26	PI255744	PI533998	516	1506	0.342629
19	27	PI255744	PI534120	523	1306	0.400459
19	28	PI255744	PI534165	535	1027	0.520935
19	29	PI255744	PI535783	562	1449	0.387854
19	30	PI255744	PI535785	510	1450	0.351724
19	31	PI255744	PI535792	668	1432	0.46648
19	32	PI255744	PI535793	496	1418	0.349788
19	33	PI255744	PI535794	462	1415	0.326502
19	34	PI255744	PI535795	509	1446	0.352006
19	35	PI255744	PI535796	507	1448	0.350138
19	36	PI255744	PI540518	482	1409	0.342087
19	37	PI255744	PI542718	447	1290	0.346512
19	38	PI255744	PI550604	426	1255	0.339442
19	39	PI255744	PI566819	270	1165	0.23176
19	40	PI255744	PI569244	480	1241	0.386785
19	41	PI255744	PI576401	482	1281	0.376269
19	42	PI255744	PI586435	439	1311	0.334859
19	43	PI255744	PI593916	389	1276	0.304859
19	44	PI255744	PI620157	440	1162	0.378657
19	45	PI255744	PI63715	437	1396	0.313037
19	46	PI255744	PI641810	486	1462	0.332421
19	47	PI255744	PI641815	488	1473	0.331297
19	48	PI255744	PI641817	458	1410	0.324823
19	49	PI255744	PI641821	480	1421	0.33779
19	50	PI255744	PI641824	432	1298	0.33282
19	51	PI255744	PI641829	428	1346	0.317979
19	52	PI255744	PI641830	537	1503	0.357285
19	53	PI255744	PI641835	474	1467	0.323108
19	54	PI255744	PI641860	541	1431	0.378057
19	55	PI255744	PI641862	537	1458	0.368313
19	56	PI255744	PI653617	463	1131	0.409372
19	57	PI255744	PI655978	434	1193	0.363789
19	58	PI255744	PI655981	516	1184	0.435811
19	59	PI255744	PI656015	496	1170	0.423932
19	60	PI255744	PI656026	364	975	0.373333
19	61	PI255744	PI656035	558	981	0.568807
19	62	PI255744	PI656065	488	1163	0.419604
19	63	PI255744	PI92270	462	1293	0.357309
20	21	PI302252	PI329435	131	1291	0.101472
20	22	PI302252	PI52606	958	1483	0.645988
20	23	PI302252	PI526905	479	1439	0.33287
20	24	PI302252	PI527045	469	1435	0.326829
20	25	PI302252	PI533902	734	1527	0.480681
20	26	PI302252	PI533998	1048	1416	0.740113
20	27	PI302252	PI534120	747	1524	0.490157
20	28	PI302252	PI534165	500	1504	0.332447
20	29	PI302252	PI535783	977	1476	0.661924
20	30	PI302252	PI535785	957	1445	0.662284
20	31	PI302252	PI535792	987	1555	0.634727
20	32	PI302252	PI535793	924	1432	0.645251
20	33	PI302252	PI535794	974	1345	0.724164
20	34	PI302252	PI535795	952	1445	0.658824
20	35	PI302252	PI535796	953	1444	0.659972
20	36	PI302252	PI540518	980	1353	0.724316
20	37	PI302252	PI542718	631	1548	0.407623
20	38	PI302252	PI550604	722	1401	0.515346
20	39	PI302252	PI566819	526	1351	0.389341
20	40	PI302252	PI569244	691	1472	0.469429
20	41	PI302252	PI576401	664	1541	0.430889
20	42	PI302252	PI586435	811	1381	0.587256
20	43	PI302252	PI593916	747	1360	0.549265
20	44	PI302252	PI620157	598	1446	0.413555
20	45	PI302252	PI63715	903	1372	0.658163
20	46	PI302252	PI641810	968	1422	0.680731
20	47	PI302252	PI641815	996	1407	0.707889
20	48	PI302252	PI641817	931	1379	0.675127
20	49	PI302252	PI641821	1036	1307	0.792655
20	50	PI302252	PI641824	721	1451	0.496899
20	51	PI302252	PI641829	673	1543	0.436163
20	52	PI302252	PI641830	1014	1468	0.690736
20	53	PI302252	PI641835	988	1395	0.708244
20	54	PI302252	PI641860	999	1415	0.706007
20	55	PI302252	PI641862	1001	1436	0.697075
20	56	PI302252	PI653617	589	1447	0.407049
20	57	PI302252	PI655978	625	1444	0.432825
20	58	PI302252	PI655981	639	1503	0.42515
20	59	PI302252	PI656015	586	1522	0.38502
20	60	PI302252	PI656026	370	1411	0.262225
20	61	PI302252	PI656035	513	1468	0.349455
20	62	PI302252	PI656065	584	1509	0.387011
20	63	PI302252	PI92270	645	1552	0.415593
21	22	PI329435	PI52606	145	1292	0.112229
21	23	PI329435	PI526905	118	796	0.148241
21	24	PI329435	PI527045	112	788	0.142132
21	25	PI329435	PI533902	147	1110	0.132432
21	26	PI329435	PI533998	140	1320	0.106061
21	27	PI329435	PI534120	145	1122	0.129234
21	28	PI329435	PI534165	128	872	0.146789
21	29	PI329435	PI535783	140	1309	0.106952
21	30	PI329435	PI535785	135	1263	0.106888
21	31	PI329435	PI535792	157	1381	0.113686
21	32	PI329435	PI535793	119	1233	0.0965126
21	33	PI329435	PI535794	123	1192	0.103188
21	34	PI329435	PI535795	135	1258	0.107313
21	35	PI329435	PI535796	133	1260	0.105556
21	36	PI329435	PI540518	125	1204	0.103821
21	37	PI329435	PI542718	146	1029	0.141885
21	38	PI329435	PI550604	122	997	0.122367
21	39	PI329435	PI566819	100	773	0.129366
21	40	PI329435	PI569244	111	1048	0.105916
21	41	PI329435	PI576401	131	1070	0.12243
21	42	PI329435	PI586435	126	1062	0.118644
21	43	PI329435	PI593916	138	965	0.143005
21	44	PI329435	PI620157	130	910	0.142857
21	45	PI329435	PI63715	128	1143	0.111986
21	46	PI329435	PI641810	134	1252	0.107029
21	47	PI329435	PI641815	133	1266	0.105055
21	48	PI329435	PI641817	130	1176	0.110544
21	49	PI329435	PI641821	126	1213	0.103875
21	50	PI329435	PI641824	117	1051	0.111323
21	51	PI329435	PI641829	134	1078	0.124304
21	52	PI329435	PI641830	160	1318	0.121396
21	53	PI329435	PI641835	135	1244	0.108521
21	54	PI329435	PI641860	128	1282	0.099844
21	55	PI329435	PI641862	142	1291	0.109992
21	56	PI329435	PI653617	116	916	0.126638
21	57	PI329435	PI655978	138	927	0.148867
21	58	PI329435	PI655981	147	991	0.148335
21	59	PI329435	PI656015	132	972	0.135802
21	60	PI329435	PI656026	77	700	0.11
21	61	PI329435	PI656035	121	856	0.141355
21	62	PI329435	PI656065	132	957	0.137931
21	63	PI329435	PI92270	147	1046	0.140535
22	23	PI52606	PI526905	529	1404	0.376781
22	24	PI52606	PI527045	518	1401	0.369736
22	25	PI52606	PI533902	755	1521	0.496384
22	26	PI52606	PI533998	962	1517	0.634146
22	27	PI52606	PI534120	764	1522	0.501971
22	28	PI52606	PI534165	584	1435	0.406969
22	29	PI52606	PI535783	958	1510	0.634437
22	30	PI52606	PI535785	920	1497	0.614562
22	31	PI52606	PI535792	1113	1444	0.770776
22	32	PI52606	PI535793	973	1398	0.695994
22	33	PI52606	PI535794	951	1383	0.687636
22	34	PI52606	PI535795	915	1497	0.611222
22	35	PI52606	PI535796	916	1496	0.612299
22	36	PI52606	PI540518	901	1447	0.622668
22	37	PI52606	PI542718	678	1516	0.44723
22	38	PI52606	PI550604	789	1349	0.584878
22	39	PI52606	PI566819	576	1316	0.43769
22	40	PI52606	PI569244	729	1449	0.503106
22	41	PI52606	PI576401	704	1516	0.46438
22	42	PI52606	PI586435	799	1408	0.567472
22	43	PI52606	PI593916	791	1331	0.59429
22	44	PI52606	PI620157	675	1384	0.487717
22	45	PI52606	PI63715	905	1385	0.65343
22	46	PI52606	PI641810	923	1482	0.622807
22	47	PI52606	PI641815	936	1482	0.631579
22	48	PI52606	PI641817	914	1411	0.647768
22	49	PI52606	PI641821	946	1412	0.669972
22	50	PI52606	PI641824	707	1480	0.477703
22	51	PI52606	PI641829	736	1495	0.492308
22	52	PI52606	PI641830	973	1524	0.638451
22	53	PI52606	PI641835	946	1452	0.651515
22	54	PI52606	PI641860	928	1501	0.618254
22	55	PI52606	PI641862	943	1509	0.624917
22	56	PI52606	PI653617	592	1459	0.405757
22	57	PI52606	PI655978	682	1402	0.486448
22	58	PI52606	PI655981	684	1473	0.464358
22	59	PI52606	PI656015	640	1483	0.431558
22	60	PI52606	PI656026	432	1364	0.316716
22	61	PI52606	PI656035	584	1412	0.413598
22	62	PI52606	PI656065	639	1469	0.43499
22	63	PI52606	PI92270	691	1521	0.454306
23	24	PI526905	PI527045	686	710	0.966197
23	25	PI526905	PI533902	492	1261	0.390167
23	26	PI526905	PI533998	465	1491	0.311871
23	27	PI526905	PI534120	486	1277	0.380579
23	28	PI526905	PI534165	483	1013	0.476802
23	29	PI526905	PI535783	520	1425	0.364912
23	30	PI526905	PI535785	459	1435	0.319861
23	31	PI526905	PI535792	617	1417	0.435427
23	32	PI526905	PI535793	496	1352	0.366864
23	33	PI526905	PI535794	444	1367	0.324799
23	34	PI526905	PI535795	455	1434	0.317294
23	35	PI526905	PI535796	453	1436	0.31546
23	36	PI526905	PI540518	452	1373	0.329206
23	37	PI526905	PI542718	404	1267	0.318863
23	38	PI526905	PI550604	378	1237	0.305578
23	39	PI526905	PI566819	266	1103	0.24116
23	40	PI526905	PI569244	479	1176	0.407313
23	41	PI526905	PI576401	438	1259	0.347895
23	42	PI526905	PI586435	452	1232	0.366883
23	43	PI526905	PI593916	369	1230	0.3
23	44	PI526905	PI620157	400	1136	0.352113
23	45	PI526905	PI63715	422	1345	0.313755
23	46	PI526905	PI641810	442	1440	0.306944
23	47	PI526905	PI641815	463	1432	0.323324
23	48	PI526905	PI641817	442	1360	0.325
23	49	PI526905	PI641821	453	1382	0.327786
23	50	PI526905	PI641824	403	1261	0.319588
23	51	PI526905	PI641829	406	1302	0.311828
23	52	PI526905	PI641830	477	1497	0.318637
23	53	PI526905	PI641835	448	1427	0.313945
23	54	PI526905	PI641860	491	1415	0.346996
23	55	PI526905	PI641862	477	1452	0.328512
23	56	PI526905	PI653617	451	1077	0.418756
23	57	PI526905	PI655978	419	1142	0.3669
23	58	PI526905	PI655981	458	1176	0.389456
23	59	PI526905	PI656015	449	1151	0.390096
23	60	PI526905	PI656026	324	949	0.341412
23	61	PI526905	PI656035	474	999	0.474474
23	62	PI526905	PI656065	434	1151	0.377063
23	63	PI526905	PI92270	417	1272	0.32783
24	25	PI527045	PI533902	482	1257	0.383453
24	26	PI527045	PI533998	455	1487	0.305985
24	27	PI527045	PI534120	477	1272	0.375
24	28	PI527045	PI534165	477	1005	0.474627
24	29	PI527045	PI535783	510	1421	0.358902
24	30	PI527045	PI535785	449	1431	0.313767
24	31	PI527045	PI535792	606	1414	0.428571
24	32	PI527045	PI535793	484	1350	0.358519
24	33	PI527045	PI535794	434	1363	0.318415
24	34	PI527045	PI535795	445	1430	0.311189
24	35	PI527045	PI535796	446	1429	0.312106
24	36	PI527045	PI540518	443	1368	0.32383
24	37	PI527045	PI542718	394	1263	0.311956
24	38	PI527045	PI550604	376	1225	0.306939
24	39	PI527045	PI566819	263	1092	0.240842
24	40	PI527045	PI569244	471	1170	0.402564
24	41	PI527045	PI576401	427	1256	0.339968
24	42	PI527045	PI586435	440	1230	0.357724
24	43	PI527045	PI593916	358	1227	0.291769
24	44	PI527045	PI620157	390	1132	0.344523
24	45	PI527045	PI63715	413	1340	0.308209
24	46	PI527045	PI641810	431	1437	0.29993
24	47	PI527045	PI641815	456	1425	0.32
24	48	PI527045	PI641817	433	1355	0.319557
24	49	PI527045	PI641821	441	1380	0.319565
24	50	PI527045	PI641824	394	1256	0.313694
24	51	PI527045	PI641829	398	1296	0.307099
24	52	PI527045	PI641830	465	1495	0.311037
24	53	PI527045	PI641835	439	1422	0.30872
24	54	PI527045	PI641860	482	1410	0.341844
24	55	PI527045	PI641862	467	1448	0.322514
24	56	PI527045	PI653617	444	1070	0.414953
24	57	PI527045	PI655978	412	1135	0.362996
24	58	PI527045	PI655981	447	1173	0.381074
24	59	PI527045	PI656015	437	1149	0.380331
24	60	PI527045	PI656026	316	943	0.335101
24	61	PI527045	PI656035	466	993	0.469285
24	62	PI527045	PI656065	420	1151	0.3649
24	63	PI527045	PI92270	409	1266	0.323065
25	26	PI533902	PI533998	760	1539	0.493827
25	27	PI533902	PI534120	984	1122	0.877005
25	28	PI533902	PI534165	553	1286	0.430016
25	29	PI533902	PI535783	768	1520	0.505263
25	30	PI533902	PI535785	706	1531	0.461137
25	31	PI533902	PI535792	841	1536	0.547526
25	32	PI533902	PI535793	727	1464	0.496585
25	33	PI533902	PI535794	673	1481	0.454423
25	34	PI533902	PI535795	705	1527	0.46169
25	35	PI533902	PI535796	705	1527	0.46169
25	36	PI533902	PI540518	690	1478	0.466847
25	37	PI533902	PI542718	662	1352	0.489645
25	38	PI533902	PI550604	593	1365	0.434432
25	39	PI533902	PI566819	399	1313	0.303884
25	40	PI533902	PI569244	692	1306	0.529862
25	41	PI533902	PI576401	717	1323	0.54195
25	42	PI533902	PI586435	639	1388	0.460375
25	43	PI533902	PI593916	552	1390	0.397122
25	44	PI533902	PI620157	536	1343	0.399106
25	45	PI533902	PI63715	654	1456	0.449176
25	46	PI533902	PI641810	691	1534	0.450456
25	47	PI533902	PI641815	678	1560	0.434615
25	48	PI533902	PI641817	669	1476	0.453252
25	49	PI533902	PI641821	664	1514	0.438573
25	50	PI533902	PI641824	593	1414	0.419378
25	51	PI533902	PI641829	660	1391	0.474479
25	52	PI533902	PI641830	739	1578	0.468314
25	53	PI533902	PI641835	671	1547	0.433743
25	54	PI533902	PI641860	716	1533	0.467058
25	55	PI533902	PI641862	750	1522	0.492773
25	56	PI533902	PI653617	537	1334	0.402549
25	57	PI533902	PI655978	579	1325	0.436981
25	58	PI533902	PI655981	624	1353	0.461197
25	59	PI533902	PI656015	604	1339	0.451083
25	60	PI533902	PI656026	387	1229	0.31489
25	61	PI533902	PI656035	535	1281	0.417642
25	62	PI533902	PI656065	599	1329	0.450715
25	63	PI533902	PI92270	680	1352	0.502959
26	27	PI533998	PI534120	778	1531	0.508165
26	28	PI533998	PI534165	514	1528	0.336387
26	29	PI533998	PI535783	1025	1466	0.699181
26	30	PI533998	PI535785	1021	1419	0.719521
26	31	PI533998	PI535792	968	1612	0.600496
26	32	PI533998	PI535793	962	1432	0.671788
26	33	PI533998	PI535794	985	1372	0.71793
26	34	PI533998	PI535795	1017	1418	0.717207
26	35	PI533998	PI535796	1018	1417	0.718419
26	36	PI533998	PI540518	947	1424	0.665028
26	37	PI533998	PI542718	690	1527	0.451866
26	38	PI533998	PI550604	729	1432	0.509078
26	39	PI533998	PI566819	529	1386	0.381674
26	40	PI533998	PI569244	708	1493	0.474213
26	41	PI533998	PI576401	699	1544	0.45272
26	42	PI533998	PI586435	774	1456	0.531593
26	43	PI533998	PI593916	731	1414	0.516973
26	44	PI533998	PI620157	603	1479	0.407708
26	45	PI533998	PI63715	883	1430	0.617483
26	46	PI533998	PI641810	1041	1387	0.750541
26	47	PI533998	PI641815	1013	1428	0.709384
26	48	PI533998	PI641817	914	1434	0.637378
26	49	PI533998	PI641821	977	1404	0.695869
26	50	PI533998	PI641824	757	1453	0.520991
26	51	PI533998	PI641829	754	1500	0.502667
26	52	PI533998	PI641830	1100	1420	0.774648
26	53	PI533998	PI641835	981	1440	0.68125
26	54	PI533998	PI641860	1103	1349	0.817643
26	55	PI533998	PI641862	1121	1354	0.827917
26	56	PI533998	PI653617	569	1505	0.378073
26	57	PI533998	PI655978	612	1495	0.409365
26	58	PI533998	PI655981	640	1540	0.415584
26	59	PI533998	PI656015	615	1531	0.401698
26	60	PI533998	PI656026	393	1426	0.275596
26	61	PI533998	PI656035	521	1498	0.347797
26	62	PI533998	PI656065	612	1519	0.402897
26	63	PI533998	PI92270	695	1540	0.451299
27	28	PI534120	PI534165	551	1298	0.424499
27	29	PI534120	PI535783	775	1523	0.508864
27	30	PI534120	PI535785	727	1520	0.478289
27	31	PI534120	PI535792	846	1541	0.548994
27	32	PI534120	PI535793	739	1462	0.505472
27	33	PI534120	PI535794	689	1475	0.467119
27	34	PI534120	PI535795	729	1513	0.481824
27	35	PI534120	PI535796	725	1517	0.477917
27	36	PI534120	PI540518	702	1476	0.47561
27	37	PI534120	PI542718	673	1351	0.49815
27	38	PI534120	PI550604	599	1369	0.437546
27	39	PI534120	PI566819	403	1319	0.305534
27	40	PI534120	PI569244	688	1320	0.521212
27	41	PI534120	PI576401	718	1332	0.539039
27	42	PI534120	PI586435	637	1400	0.455
27	43	PI534120	PI593916	559	1393	0.401292
27	44	PI534120	PI620157	532	1357	0.392041
27	45	PI534120	PI63715	668	1452	0.460055
27	46	PI534120	PI641810	718	1517	0.473303
27	47	PI534120	PI641815	693	1555	0.445659
27	48	PI534120	PI641817	686	1469	0.466984
27	49	PI534120	PI641821	683	1505	0.453821
27	50	PI534120	PI641824	607	1410	0.430496
27	51	PI534120	PI641829	680	1381	0.492397
27	52	PI534120	PI641830	760	1567	0.485003
27	53	PI534120	PI641835	686	1542	0.444877
27	54	PI534120	PI641860	734	1525	0.481311
27	55	PI534120	PI641862	767	1515	0.506271
27	56	PI534120	PI653617	533	1348	0.395401
27	57	PI534120	PI655978	589	1325	0.444528
27	58	PI534120	PI655981	632	1355	0.466421
27	59	PI534120	PI656015	607	1346	0.450966
27	60	PI534120	PI656026	386	1240	0.31129
27	61	PI534120	PI656035	537	1289	0.416602
27	62	PI534120	PI656065	599	1339	0.447349
27	63	PI534120	PI92270	685	1357	0.50479
28	29	PI534165	PI535783	564	1467	0.384458
28	30	PI534165	PI535785	496	1484	0.334232
28	31	PI534165	PI535792	771	1349	0.571534
28	32	PI534165	PI535793	505	1429	0.353394
28	33	PI534165	PI535794	469	1428	0.328431
28	34	PI534165	PI535795	493	1482	0.332659
28	35	PI534165	PI535796	492	1483	0.33176
28	36	PI534165	PI540518	477	1434	0.332636
28	37	PI534165	PI542718	490	1267	0.38674
28	38	PI534165	PI550604	427	1274	0.335165
28	39	PI534165	PI566819	310	1145	0.270742
28	40	PI534165	PI569244	525	1216	0.431743
28	41	PI534165	PI576401	539	1244	0.43328
28	42	PI534165	PI586435	439	1331	0.329827
28	43	PI534165	PI593916	382	1303	0.29317
28	44	PI534165	PI620157	462	1160	0.398276
28	45	PI534165	PI63715	456	1397	0.326414
28	46	PI534165	PI641810	485	1483	0.32704
28	47	PI534165	PI641815	494	1487	0.332213
28	48	PI534165	PI641817	475	1413	0.336164
28	49	PI534165	PI641821	483	1438	0.335883
28	50	PI534165	PI641824	458	1292	0.354489
28	51	PI534165	PI641829	474	1320	0.359091
28	52	PI534165	PI641830	529	1531	0.345526
28	53	PI534165	PI641835	479	1482	0.323212
28	54	PI534165	PI641860	530	1462	0.362517
28	55	PI534165	PI641862	514	1501	0.342438
28	56	PI534165	PI653617	513	1101	0.46594
28	57	PI534165	PI655978	433	1214	0.356672
28	58	PI534165	PI655981	502	1218	0.412151
28	59	PI534165	PI656015	491	1195	0.410879
28	60	PI534165	PI656026	379	980	0.386735
28	61	PI534165	PI656035	517	1042	0.496161
28	62	PI534165	PI656065	482	1189	0.405383
28	63	PI534165	PI92270	502	1273	0.394344
29	30	PI535783	PI535785	1032	1397	0.738726
29	31	PI535783	PI535792	1020	1549	0.658489
29	32	PI535783	PI535793	905	1478	0.612314
29	33	PI535783	PI535794	923	1423	0.64863
29	34	PI535783	PI535795	1028	1396	0.73639
29	35	PI535783	PI535796	1027	1397	0.735147
29	36	PI535783	PI540518	921	1439	0.640028
29	37	PI535783	PI542718	686	1520	0.451316
29	38	PI535783	PI550604	766	1384	0.553468
29	39	PI535783	PI566819	495	1409	0.351313
29	40	PI535783	PI569244	749	1441	0.519778
29	41	PI535783	PI576401	702	1530	0.458824
29	42	PI535783	PI586435	809	1410	0.573759
29	43	PI535783	PI593916	778	1356	0.573746
29	44	PI535783	PI620157	627	1444	0.434211
29	45	PI535783	PI63715	848	1454	0.583219
29	46	PI535783	PI641810	986	1431	0.689029
29	47	PI535783	PI641815	978	1452	0.673554
29	48	PI535783	PI641817	871	1466	0.594134
29	49	PI535783	PI641821	921	1449	0.635611
29	50	PI535783	PI641824	732	1467	0.498978
29	51	PI535783	PI641829	748	1495	0.500334
29	52	PI535783	PI641830	1013	1496	0.677139
29	53	PI535783	PI641835	1007	1403	0.717748
29	54	PI535783	PI641860	1026	1415	0.725088
29	55	PI535783	PI641862	1014	1450	0.69931
29	56	PI535783	PI653617	604	1459	0.413982
29	57	PI535783	PI655978	636	1460	0.435616
29	58	PI535783	PI655981	651	1518	0.428854
29	59	PI535783	PI656015	609	1526	0.399083
29	60	PI535783	PI656026	384	1424	0.269663
29	61	PI535783	PI656035	540	1468	0.367847
29	62	PI535783	PI656065	612	1508	0.405836
29	63	PI535783	PI92270	706	1518	0.465086
30	31	PI535785	PI535792	952	1566	0.607918
30	32	PI535785	PI535793	905	1427	0.634198
30	33	PI535785	PI535794	926	1369	0.676406
30	34	PI535785	PI535795	1168	1205	0.969295
30	35	PI535785	PI535796	1166	1207	0.966031
30	36	PI535785	PI540518	900	1409	0.638751
30	37	PI535785	PI542718	653	1502	0.434754
30	38	PI535785	PI550604	737	1362	0.541116
30	39	PI535785	PI566819	511	1342	0.380775
30	40	PI535785	PI569244	683	1456	0.469093
30	41	PI535785	PI576401	646	1535	0.420847
30	42	PI535785	PI586435	793	1375	0.576727
30	43	PI535785	PI593916	759	1324	0.573263
30	44	PI535785	PI620157	587	1433	0.40963
30	45	PI535785	PI63715	824	1427	0.577435
30	46	PI535785	PI641810	1081	1285	0.841245
30	47	PI535785	PI641815	1028	1351	0.760918
30	48	PI535785	PI641817	848	1438	0.589708
30	49	PI535785	PI641821	904	1415	0.638869
30	50	PI535785	PI641824	781	1367	0.571324
30	51	PI535785	PI641829	732	1460	0.50137
30	52	PI535785	PI641830	1045	1413	0.739561
30	53	PI535785	PI641835	1046	1313	0.796649
30	54	PI535785	PI641860	1015	1375	0.738182
30	55	PI535785	PI641862	1058	1355	0.780812
30	56	PI535785	PI653617	540	1472	0.366848
30	57	PI535785	PI655978	606	1439	0.421126
30	58	PI535785	PI655981	619	1499	0.412942
30	59	PI535785	PI656015	560	1524	0.367454
30	60	PI535785	PI656026	338	1419	0.238196
30	61	PI535785	PI656035	493	1464	0.336749
30	62	PI535785	PI656065	561	1508	0.372016
30	63	PI535785	PI92270	660	1513	0.436219
31	32	PI535792	PI535793	995	1477	0.673663
31	33	PI535792	PI535794	962	1473	0.653089
31	34	PI535792	PI535795	951	1562	0.608835
31	35	PI535792	PI535796	950	1563	0.607806
31	36	PI535792	PI540518	927	1522	0.609067
31	37	PI535792	PI542718	747	1548	0.482558
31	38	PI535792	PI550604	800	1439	0.555942
31	39	PI535792	PI566819	564	1429	0.394682
31	40	PI535792	PI569244	804	1475	0.545085
31	41	PI535792	PI576401	786	1535	0.512052
31	42	PI535792	PI586435	821	1487	0.552118
31	43	PI535792	PI593916	787	1436	0.54805
31	44	PI535792	PI620157	703	1457	0.482498
31	45	PI535792	PI63715	893	1498	0.596128
31	46	PI535792	PI641810	930	1576	0.590102
31	47	PI535792	PI641815	945	1574	0.600381
31	48	PI535792	PI641817	909	1517	0.599209
31	49	PI535792	PI641821	959	1500	0.639333
31	50	PI535792	PI641824	761	1527	0.498363
31	51	PI535792	PI641829	774	1558	0.496791
31	52	PI535792	PI641830	971	1627	0.596804
31	53	PI535792	PI641835	950	1549	0.613299
31	54	PI535792	PI641860	956	1574	0.60737
31	55	PI535792	PI641862	954	1599	0.596623
31	56	PI535792	PI653617	675	1477	0.457007
31	57	PI535792	PI655978	728	1457	0.499657
31	58	PI535792	PI655981	754	1504	0.50133
31	59	PI535792	PI656015	698	1526	0.457405
31	60	PI535792	PI656026	490	1407	0.348259
31	61	PI535792	PI656035	664	1433	0.463364
31	62	PI535792	PI656065	693	1516	0.457124
31	63	PI535792	PI92270	769	1544	0.498057
32	33	PI535793	PI535794	923	1326	0.696078
32	34	PI535793	PI535795	903	1424	0.634129
32	35	PI535793	PI535796	901	1426	0.631837
32	36	PI535793	PI540518	868	1395	0.622222
32	37	PI535793	PI542718	665	1444	0.460526
32	38	PI535793	PI550604	679	1374	0.494178
32	39	PI535793	PI566819	489	1318	0.371017
32	40	PI535793	PI569244	719	1374	0.52329
32	41	PI535793	PI576401	665	1470	0.452381
32	42	PI535793	PI586435	719	1403	0.512473
32	43	PI535793	PI593916	718	1319	0.544352
32	44	PI535793	PI620157	587	1387	0.423216
32	45	PI535793	PI63715	813	1392	0.584052
32	46	PI535793	PI641810	914	1406	0.650071
32	47	PI535793	PI641815	860	1473	0.583842
32	48	PI535793	PI641817	840	1400	0.6
32	49	PI535793	PI641821	859	1414	0.607496
32	50	PI535793	PI641824	702	1400	0.501429
32	51	PI535793	PI641829	745	1401	0.531763
32	52	PI535793	PI641830	908	1504	0.603723
32	53	PI535793	PI641835	844	1469	0.574541
32	54	PI535793	PI641860	885	1459	0.60658
32	55	PI535793	PI641862	923	1444	0.639197
32	56	PI535793	PI653617	563	1403	0.401283
32	57	PI535793	PI655978	618	1381	0.447502
32	58	PI535793	PI655981	628	1444	0.434903
32	59	PI535793	PI656015	610	1428	0.427171
32	60	PI535793	PI656026	405	1306	0.310107
32	61	PI535793	PI656035	537	1374	0.39083
32	62	PI535793	PI656065	613	1410	0.434752
32	63	PI535793	PI92270	671	1456	0.460852
33	34	PI535794	PI535795	924	1366	0.676428
33	35	PI535794	PI535796	926	1364	0.678886
33	36	PI535794	PI540518	864	1362	0.634361
33	37	PI535794	PI542718	598	1474	0.405699
33	38	PI535794	PI550604	700	1316	0.531915
33	39	PI535794	PI566819	478	1292	0.369969
33	40	PI535794	PI569244	651	1405	0.463345
33	41	PI535794	PI576401	602	1496	0.402406
33	42	PI535794	PI586435	748	1337	0.559461
33	43	PI535794	PI593916	690	1310	0.526718
33	44	PI535794	PI620157	583	1354	0.430576
33	45	PI535794	PI63715	804	1364	0.589443
33	46	PI535794	PI641810	942	1341	0.702461
33	47	PI535794	PI641815	889	1407	0.631841
33	48	PI535794	PI641817	826	1377	0.599855
33	49	PI535794	PI641821	964	1272	0.757862
33	50	PI535794	PI641824	673	1392	0.483477
33	51	PI535794	PI641829	679	1430	0.474825
33	52	PI535794	PI641830	944	1431	0.659679
33	53	PI535794	PI641835	892	1384	0.644509
33	54	PI535794	PI641860	926	1381	0.670529
33	55	PI535794	PI641862	971	1359	0.714496
33	56	PI535794	PI653617	480	1449	0.331263
33	57	PI535794	PI655978	601	1361	0.441587
33	58	PI535794	PI655981	574	1461	0.392882
33	59	PI535794	PI656015	539	1462	0.368673
33	60	PI535794	PI656026	352	1322	0.266263
33	61	PI535794	PI656035	466	1408	0.330966
33	62	PI535794	PI656065	537	1449	0.3706
33	63	PI535794	PI92270	610	1480	0.412162
34	35	PI535795	PI535796	1174	1194	0.98325
34	36	PI535795	PI540518	899	1405	0.639858
34	37	PI535795	PI542718	653	1497	0.436206
34	38	PI535795	PI550604	735	1359	0.540839
34	39	PI535795	PI566819	512	1336	0.383234
34	40	PI535795	PI569244	680	1454	0.467675
34	41	PI535795	PI576401	644	1532	0.420366
34	42	PI535795	PI586435	786	1377	0.570806
34	43	PI535795	PI593916	753	1325	0.568302
34	44	PI535795	PI620157	584	1431	0.408106
34	45	PI535795	PI63715	824	1422	0.579466
34	46	PI535795	PI641810	1085	1276	0.850313
34	47	PI535795	PI641815	1029	1345	0.765056
34	48	PI535795	PI641817	845	1436	0.58844
34	49	PI535795	PI641821	906	1408	0.643466
34	50	PI535795	PI641824	782	1361	0.574578
34	51	PI535795	PI641829	731	1456	0.50206
34	52	PI535795	PI641830	1045	1408	0.742188
34	53	PI535795	PI641835	1050	1304	0.805215
34	54	PI535795	PI641860	1011	1374	0.735808
34	55	PI535795	PI641862	1058	1350	0.783704
34	56	PI535795	PI653617	536	1471	0.364378
34	57	PI535795	PI655978	604	1436	0.420613
34	58	PI535795	PI655981	616	1497	0.41149
34	59	PI535795	PI656015	558	1521	0.366864
34	60	PI535795	PI656026	336	1416	0.237288
34	61	PI535795	PI656035	493	1459	0.337903
34	62	PI535795	PI656065	559	1505	0.371429
34	63	PI535795	PI92270	656	1512	0.433862
35	36	PI535796	PI540518	895	1409	0.635202
35	37	PI535796	PI542718	652	1498	0.435247
35	38	PI535796	PI550604	736	1358	0.541973
35	39	PI535796	PI566819	506	1342	0.377049
35	40	PI535796	PI569244	679	1455	0.466667
35	41	PI535796	PI576401	641	1535	0.41759
35	42	PI535796	PI586435	784	1379	0.568528
35	43	PI535796	PI593916	749	1329	0.563582
35	44	PI535796	PI620157	585	1430	0.409091
35	45	PI535796	PI63715	823	1423	0.578356
35	46	PI535796	PI641810	1084	1277	0.848865
35	47	PI535796	PI641815	1028	1346	0.763744
35	48	PI535796	PI641817	840	1441	0.582929
35	49	PI535796	PI641821	900	1414	0.636492
35	50	PI535796	PI641824	782	1361	0.574578
35	51	PI535796	PI641829	728	1459	0.498972
35	52	PI535796	PI641830	1042	1411	0.738483
35	53	PI535796	PI641835	1047	1307	0.801071
35	54	PI535796	PI641860	1008	1377	0.732026
35	55	PI535796	PI641862	1059	1349	0.785026
35	56	PI535796	PI653617	535	1472	0.363451
35	57	PI535796	PI655978	604	1436	0.420613
35	58	PI535796	PI655981	613	1500	0.408667
35	59	PI535796	PI656015	556	1523	0.365069
35	60	PI535796	PI656026	338	1414	0.239038
35	61	PI535796	PI656035	490	1462	0.335157
35	62	PI535796	PI656065	557	1507	0.369608
35	63	PI535796	PI92270	655	1513	0.432915
36	37	PI540518	PI542718	588	1498	0.392523
36	38	PI540518	PI550604	668	1362	0.490455
36	39	PI540518	PI566819	535	1249	0.428343
36	40	PI540518	PI569244	650	1420	0.457746
36	41	PI540518	PI576401	634	1478	0.428958
36	42	PI540518	PI586435	748	1351	0.553664
36	43	PI540518	PI593916	687	1327	0.517709
36	44	PI540518	PI620157	566	1385	0.408664
36	45	PI540518	PI63715	833	1349	0.617494
36	46	PI540518	PI641810	906	1391	0.65133
36	47	PI540518	PI641815	954	1356	0.70354
36	48	PI540518	PI641817	867	1350	0.642222
36	49	PI540518	PI641821	935	1315	0.711027
36	50	PI540518	PI641824	684	1395	0.490323
36	51	PI540518	PI641829	641	1482	0.432524
36	52	PI540518	PI641830	949	1440	0.659028
36	53	PI540518	PI641835	956	1334	0.716642
36	54	PI540518	PI641860	916	1405	0.651957
36	55	PI540518	PI641862	902	1442	0.62552
36	56	PI540518	PI653617	567	1376	0.412064
36	57	PI540518	PI655978	574	1402	0.409415
36	58	PI540518	PI655981	613	1436	0.42688
36	59	PI540518	PI656015	549	1466	0.374488
36	60	PI540518	PI656026	337	1351	0.249445
36	61	PI540518	PI656035	469	1419	0.330514
36	62	PI540518	PI656065	553	1447	0.38217
36	63	PI540518	PI92270	601	1503	0.399867
37	38	PI542718	PI550604	528	1348	0.391691
37	39	PI542718	PI566819	356	1274	0.279435
37	40	PI542718	PI569244	629	1287	0.488733
37	41	PI542718	PI576401	715	1243	0.575221
37	42	PI542718	PI586435	547	1398	0.391273
37	43	PI542718	PI593916	484	1376	0.351744
37	44	PI542718	PI620157	550	1247	0.441059
37	45	PI542718	PI63715	559	1469	0.380531
37	46	PI542718	PI641810	626	1517	0.412657
37	47	PI542718	PI641815	598	1558	0.383825
37	48	PI542718	PI641817	574	1489	0.385494
37	49	PI542718	PI641821	585	1511	0.387161
37	50	PI542718	PI641824	666	1259	0.528991
37	51	PI542718	PI641829	756	1213	0.623248
37	52	PI542718	PI641830	678	1557	0.435453
37	53	PI542718	PI641835	590	1546	0.38163
37	54	PI542718	PI641860	636	1531	0.415415
37	55	PI542718	PI641862	676	1514	0.446499
37	56	PI542718	PI653617	491	1298	0.378274
37	57	PI542718	PI655978	523	1299	0.402617
37	58	PI542718	PI655981	587	1308	0.448777
37	59	PI542718	PI656015	626	1235	0.506883
37	60	PI542718	PI656026	357	1177	0.303314
37	61	PI542718	PI656035	471	1263	0.372922
37	62	PI542718	PI656065	600	1246	0.481541
37	63	PI542718	PI92270	873	1077	0.810585
38	39	PI550604	PI566819	436	1138	0.383128
38	40	PI550604	PI569244	564	1296	0.435185
38	41	PI550604	PI576401	546	1356	0.402655
38	42	PI550604	PI586435	634	1255	0.505179
38	43	PI550604	PI593916	609	1195	0.509623
38	44	PI550604	PI620157	516	1225	0.421224
38	45	PI550604	PI63715	655	1317	0.497342
38	46	PI550604	PI641810	707	1380	0.512319
38	47	PI550604	PI641815	707	1393	0.507538
38	48	PI550604	PI641817	657	1350	0.486667
38	49	PI550604	PI641821	703	1337	0.525804
38	50	PI550604	PI641824	586	1283	0.456742
38	51	PI550604	PI641829	582	1331	0.437265
38	52	PI550604	PI641830	734	1445	0.507958
38	53	PI550604	PI641835	712	1368	0.520468
38	54	PI550604	PI641860	721	1390	0.518705
38	55	PI550604	PI641862	744	1390	0.535252
38	56	PI550604	PI653617	434	1299	0.334103
38	57	PI550604	PI655978	617	1149	0.536989
38	58	PI550604	PI655981	592	1247	0.474739
38	59	PI550604	PI656015	523	1282	0.407956
38	60	PI550604	PI656026	345	1133	0.304501
38	61	PI550604	PI656035	439	1239	0.354318
38	62	PI550604	PI656065	523	1267	0.412786
38	63	PI550604	PI92270	547	1347	0.406088
39	40	PI566819	PI569244	383	1231	0.311129
39	41	PI566819	PI576401	356	1300	0.273846
39	42	PI566819	PI586435	520	1123	0.463045
39	43	PI566819	PI593916	428	1130	0.378761
39	44	PI566819	PI620157	344	1151	0.298871
39	45	PI566819	PI63715	521	1205	0.432365
39	46	PI566819	PI641810	499	1342	0.371833
39	47	PI566819	PI641815	552	1302	0.423963
39	48	PI566819	PI641817	543	1218	0.445813
39	49	PI566819	PI641821	554	1240	0.446774
39	50	PI566819	PI641824	441	1182	0.373096
39	51	PI566819	PI641829	419	1248	0.335737
39	52	PI566819	PI641830	563	1370	0.410949
39	53	PI566819	PI641835	544	1290	0.421705
39	54	PI566819	PI641860	544	1321	0.411809
39	55	PI566819	PI641862	516	1372	0.376093
39	56	PI566819	PI653617	383	1104	0.34692
39	57	PI566819	PI655978	367	1153	0.3183
39	58	PI566819	PI655981	405	1188	0.340909
39	59	PI566819	PI656015	341	1218	0.279967
39	60	PI566819	PI656026	241	991	0.243189
39	61	PI566819	PI656035	277	1155	0.239827
39	62	PI566819	PI656065	337	1207	0.279205
39	63	PI566819	PI92270	355	1293	0.274555
40	41	PI569244	PI576401	683	1259	0.542494
40	42	PI569244	PI586435	598	1331	0.449286
40	43	PI569244	PI593916	565	1279	0.441751
40	44	PI569244	PI620157	508	1273	0.399057
40	45	PI569244	PI63715	605	1407	0.429993
40	46	PI569244	PI641810	661	1466	0.450887
40	47	PI569244	PI641815	655	1485	0.441077
40	48	PI569244	PI641817	622	1425	0.436491
40	49	PI569244	PI641821	663	1417	0.46789
40	50	PI569244	PI641824	608	1301	0.467333
40	51	PI569244	PI641829	621	1332	0.466216
40	52	PI569244	PI641830	693	1526	0.454128
40	53	PI569244	PI641835	647	1473	0.43924
40	54	PI569244	PI641860	682	1469	0.464261
40	55	PI569244	PI641862	700	1474	0.474898
40	56	PI569244	PI653617	499	1274	0.39168
40	57	PI569244	PI655978	538	1268	0.42429
40	58	PI569244	PI655981	589	1290	0.456589
40	59	PI569244	PI656015	578	1267	0.456196
40	60	PI569244	PI656026	365	1153	0.316565
40	61	PI569244	PI656035	485	1233	0.39335
40	62	PI569244	PI656065	584	1246	0.4687
40	63	PI569244	PI92270	644	1290	0.499225
41	42	PI576401	PI586435	564	1407	0.400853
41	43	PI576401	PI593916	498	1388	0.35879
41	44	PI576401	PI620157	520	1303	0.399079
41	45	PI576401	PI63715	585	1469	0.39823
41	46	PI576401	PI641810	641	1528	0.419503
41	47	PI576401	PI641815	626	1556	0.402314
41	48	PI576401	PI641817	600	1489	0.402955
41	49	PI576401	PI641821	610	1512	0.403439
41	50	PI576401	PI641824	626	1325	0.472453
41	51	PI576401	PI641829	677	1318	0.513657
41	52	PI576401	PI641830	677	1584	0.427399
41	53	PI576401	PI641835	609	1553	0.392144
41	54	PI576401	PI641860	662	1531	0.432397
41	55	PI576401	PI641862	671	1545	0.434304
41	56	PI576401	PI653617	512	1303	0.392939
41	57	PI576401	PI655978	520	1328	0.391566
41	58	PI576401	PI655981	591	1330	0.444361
41	59	PI576401	PI656015	616	1271	0.484658
41	60	PI576401	PI656026	384	1176	0.326531
41	61	PI576401	PI656035	498	1262	0.394612
41	62	PI576401	PI656065	605	1267	0.477506
41	63	PI576401	PI92270	734	1242	0.590982
42	43	PI586435	PI593916	602	1271	0.473643
42	44	PI586435	PI620157	505	1305	0.386973
42	45	PI586435	PI63715	749	1292	0.579721
42	46	PI586435	PI641810	745	1411	0.527994
42	47	PI586435	PI641815	782	1387	0.563807
42	48	PI586435	PI641817	770	1306	0.589587
42	49	PI586435	PI641821	787	1322	0.59531
42	50	PI586435	PI641824	626	1312	0.477134
42	51	PI586435	PI641829	586	1396	0.419771
42	52	PI586435	PI641830	792	1456	0.543956
42	53	PI586435	PI641835	792	1357	0.58364
42	54	PI586435	PI641860	793	1387	0.571738
42	55	PI586435	PI641862	806	1397	0.576951
42	56	PI586435	PI653617	481	1321	0.364118
42	57	PI586435	PI655978	575	1260	0.456349
42	58	PI586435	PI655981	558	1350	0.413333
42	59	PI586435	PI656015	490	1384	0.354046
42	60	PI586435	PI656026	278	1269	0.21907
42	61	PI586435	PI656035	423	1324	0.319486
42	62	PI586435	PI656065	482	1377	0.350036
42	63	PI586435	PI92270	566	1397	0.405154
43	44	PI593916	PI620157	436	1289	0.338247
43	45	PI593916	PI63715	686	1270	0.540157
43	46	PI593916	PI641810	712	1359	0.523915
43	47	PI593916	PI641815	735	1349	0.544848
43	48	PI593916	PI641817	699	1292	0.541022
43	49	PI593916	PI641821	727	1297	0.560524
43	50	PI593916	PI641824	512	1341	0.381805
43	51	PI593916	PI641829	528	1369	0.385683
43	52	PI593916	PI641830	743	1420	0.523239
43	53	PI593916	PI641835	760	1304	0.582822
43	54	PI593916	PI641860	707	1388	0.509366
43	55	PI593916	PI641862	731	1387	0.527037
43	56	PI593916	PI653617	472	1245	0.379116
43	57	PI593916	PI655978	501	1249	0.401121
43	58	PI593916	PI655981	503	1320	0.381061
43	59	PI593916	PI656015	444	1345	0.330112
43	60	PI593916	PI656026	242	1220	0.198361
43	61	PI593916	PI656035	407	1255	0.324303
43	62	PI593916	PI656065	458	1316	0.348024
43	63	PI593916	PI92270	495	1383	0.357918
44	45	PI620157	PI63715	533	1360	0.391912
44	46	PI620157	PI641810	591	1417	0.417078
44	47	PI620157	PI641815	585	1436	0.407382
44	48	PI620157	PI641817	555	1373	0.404224
44	49	PI620157	PI641821	572	1389	0.411807
44	50	PI620157	PI641824	568	1222	0.464812
44	51	PI620157	PI641829	557	1277	0.436179
44	52	PI620157	PI641830	648	1452	0.446281
44	53	PI620157	PI641835	580	1421	0.408163
44	54	PI620157	PI641860	620	1412	0.439093
44	55	PI620157	PI641862	622	1433	0.434054
44	56	PI620157	PI653617	418	1236	0.338188
44	57	PI620157	PI655978	485	1202	0.403494
44	58	PI620157	PI655981	545	1215	0.44856
44	59	PI620157	PI656015	513	1213	0.422918
44	60	PI620157	PI656026	338	1061	0.318567
44	61	PI620157	PI656035	478	1121	0.426405
44	62	PI620157	PI656065	500	1211	0.412882
44	63	PI620157	PI92270	570	1245	0.457831
45	46	PI63715	PI641810	814	1425	0.571228
45	47	PI63715	PI641815	855	1397	0.612026
45	48	PI63715	PI641817	1042	1117	0.932856
45	49	PI63715	PI641821	893	1299	0.687452
45	50	PI63715	PI641824	624	1397	0.446671
45	51	PI63715	PI641829	614	1451	0.423156
45	52	PI63715	PI641830	866	1465	0.591126
45	53	PI63715	PI641835	870	1362	0.638767
45	54	PI63715	PI641860	868	1395	0.622222
45	55	PI63715	PI641862	853	1433	0.595255
45	56	PI63715	PI653617	536	1349	0.397331
45	57	PI63715	PI655978	556	1362	0.408223
45	58	PI63715	PI655981	549	1442	0.380721
45	59	PI63715	PI656015	520	1437	0.361865
45	60	PI63715	PI656026	290	1340	0.216418
45	61	PI63715	PI656035	441	1389	0.317495
45	62	PI63715	PI656065	509	1433	0.355199
45	63	PI63715	PI92270	581	1465	0.396587
46	47	PI641810	PI641815	1073	1294	0.829212
46	48	PI641810	PI641817	841	1433	0.586881
46	49	PI641810	PI641821	927	1380	0.671739
46	50	PI641810	PI641824	758	1378	0.550073
46	51	PI641810	PI641829	697	1483	0.469993
46	52	PI641810	PI641830	1087	1359	0.799853
46	53	PI641810	PI641835	1035	1312	0.788872
46	54	PI641810	PI641860	1008	1370	0.735766
46	55	PI641810	PI641862	1050	1351	0.777202
46	56	PI641810	PI653617	541	1459	0.370802
46	57	PI641810	PI655978	591	1442	0.409847
46	58	PI641810	PI655981	608	1498	0.405874
46	59	PI641810	PI656015	566	1506	0.37583
46	60	PI641810	PI656026	347	1398	0.248212
46	61	PI641810	PI656035	484	1461	0.33128
46	62	PI641810	PI656065	566	1491	0.379611
46	63	PI641810	PI92270	628	1533	0.409654
47	48	PI641815	PI641817	888	1399	0.634739
47	49	PI641815	PI641821	972	1348	0.721068
47	50	PI641815	PI641824	740	1409	0.525195
47	51	PI641815	PI641829	661	1532	0.431462
47	52	PI641815	PI641830	1121	1338	0.837818
47	53	PI641815	PI641835	1111	1249	0.889512
47	54	PI641815	PI641860	1031	1360	0.758088
47	55	PI641815	PI641862	1019	1395	0.730466
47	56	PI641815	PI653617	603	1410	0.42766
47	57	PI641815	PI655978	608	1438	0.422809
47	58	PI641815	PI655981	611	1508	0.405172
47	59	PI641815	PI656015	557	1528	0.364529
47	60	PI641815	PI656026	344	1414	0.243281
47	61	PI641815	PI656035	489	1469	0.33288
47	62	PI641815	PI656065	558	1512	0.369048
47	63	PI641815	PI92270	607	1567	0.387364
48	49	PI641817	PI641821	930	1297	0.717039
48	50	PI641817	PI641824	653	1403	0.465431
48	51	PI641817	PI641829	634	1466	0.432469
48	52	PI641817	PI641830	903	1463	0.617225
48	53	PI641817	PI641835	889	1378	0.645138
48	54	PI641817	PI641860	890	1408	0.632102
48	55	PI641817	PI641862	890	1431	0.621943
48	56	PI641817	PI653617	555	1365	0.406593
48	57	PI641817	PI655978	575	1378	0.417271
48	58	PI641817	PI655981	571	1455	0.39244
48	59	PI641817	PI656015	549	1443	0.380457
48	60	PI641817	PI656026	313	1352	0.231509
48	61	PI641817	PI656035	468	1397	0.335004
48	62	PI641817	PI656065	538	1439	0.373871
48	63	PI641817	PI92270	596	1485	0.401347
49	50	PI641821	PI641824	703	1386	0.507215
49	51	PI641821	PI641829	648	1485	0.436364
49	52	PI641821	PI641830	979	1420	0.689437
49	53	PI641821	PI641835	974	1326	0.73454
49	54	PI641821	PI641860	949	1382	0.686686
49	55	PI641821	PI641862	949	1405	0.675445
49	56	PI641821	PI653617	554	1399	0.395997
49	57	PI641821	PI655978	599	1387	0.431867
49	58	PI641821	PI655981	611	1448	0.421961
49	59	PI641821	PI656015	551	1474	0.373813
49	60	PI641821	PI656026	336	1362	0.246696
49	61	PI641821	PI656035	472	1426	0.330996
49	62	PI641821	PI656065	546	1464	0.372951
49	63	PI641821	PI92270	599	1515	0.39538
50	51	PI641824	PI641829	752	1210	0.621488
50	52	PI641824	PI641830	790	1438	0.549374
50	53	PI641824	PI641835	713	1416	0.503531
50	54	PI641824	PI641860	765	1395	0.548387
50	55	PI641824	PI641862	783	1400	0.559286
50	56	PI641824	PI653617	512	1270	0.40315
50	57	PI641824	PI655978	504	1311	0.384439
50	58	PI641824	PI655981	592	1296	0.45679
50	59	PI641824	PI656015	534	1320	0.404545
50	60	PI641824	PI656026	346	1181	0.292972
50	61	PI641824	PI656035	438	1289	0.339798
50	62	PI641824	PI656065	526	1313	0.400609
50	63	PI641824	PI92270	687	1256	0.546975
51	52	PI641829	PI641830	725	1547	0.468649
51	53	PI641829	PI641835	638	1535	0.415635
51	54	PI641829	PI641860	687	1517	0.452868
51	55	PI641829	PI641862	750	1477	0.507786
51	56	PI641829	PI653617	446	1380	0.323188
51	57	PI641829	PI655978	521	1338	0.389387
51	58	PI641829	PI655981	593	1339	0.442868
51	59	PI641829	PI656015	577	1321	0.43679
51	60	PI641829	PI656026	360	1211	0.297275
51	61	PI641829	PI656035	446	1325	0.336604
51	62	PI641829	PI656065	560	1323	0.42328
51	63	PI641829	PI92270	753	1234	0.610211
52	53	PI641830	PI641835	1062	1377	0.771242
52	54	PI641830	PI641860	1098	1372	0.800292
52	55	PI641830	PI641862	1106	1387	0.797404
52	56	PI641830	PI653617	611	1481	0.412559
52	57	PI641830	PI655978	634	1491	0.425218
52	58	PI641830	PI655981	672	1526	0.440367
52	59	PI641830	PI656015	614	1550	0.396129
52	60	PI641830	PI656026	382	1455	0.262543
52	61	PI641830	PI656035	545	1492	0.365282
52	62	PI641830	PI656065	615	1534	0.400913
52	63	PI641830	PI92270	687	1566	0.438697
53	54	PI641835	PI641860	1018	1353	0.752402
53	55	PI641835	PI641862	980	1414	0.693069
53	56	PI641835	PI653617	609	1384	0.440029
53	57	PI641835	PI655978	598	1428	0.418768
53	58	PI641835	PI655981	597	1502	0.39747
53	59	PI641835	PI656015	536	1529	0.350556
53	60	PI641835	PI656026	323	1415	0.228269
53	61	PI641835	PI656035	466	1472	0.316576
53	62	PI641835	PI656065	539	1511	0.356717
53	63	PI641835	PI92270	602	1552	0.387887
54	55	PI641860	PI641862	1068	1357	0.78703
54	56	PI641860	PI653617	574	1450	0.395862
54	57	PI641860	PI655978	616	1441	0.427481
54	58	PI641860	PI655981	634	1496	0.423797
54	59	PI641860	PI656015	577	1519	0.379855
54	60	PI641860	PI656026	387	1382	0.280029
54	61	PI641860	PI656035	510	1459	0.349554
54	62	PI641860	PI656065	571	1510	0.378146
54	63	PI641860	PI92270	655	1530	0.428105
55	56	PI641862	PI653617	544	1503	0.361943
55	57	PI641862	PI655978	612	1468	0.416894
55	58	PI641862	PI655981	638	1515	0.421122
55	59	PI641862	PI656015	603	1516	0.397757
55	60	PI641862	PI656026	375	1417	0.264644
55	61	PI641862	PI656035	541	1451	0.372846
55	62	PI641862	PI656065	599	1505	0.398007
55	63	PI641862	PI92270	686	1522	0.450723
56	57	PI653617	PI655978	420	1259	0.333598
56	58	PI653617	PI655981	515	1237	0.41633
56	59	PI653617	PI656015	466	1252	0.372204
56	60	PI653617	PI656026	325	1066	0.304878
56	61	PI653617	PI656035	481	1110	0.433333
56	62	PI653617	PI656065	454	1249	0.363491
56	63	PI653617	PI92270	504	1303	0.3868
57	58	PI655978	PI655981	627	1158	0.541451
57	59	PI655978	PI656015	528	1223	0.431725
57	60	PI655978	PI656026	313	1111	0.281728
57	61	PI655978	PI656035	423	1201	0.352206
57	62	PI655978	PI656065	527	1209	0.435897
57	63	PI655978	PI92270	515	1325	0.388679
58	59	PI655981	PI656015	608	1216	0.5
58	60	PI655981	PI656026	380	1117	0.340197
58	61	PI655981	PI656035	504	1193	0.422464
58	62	PI655981	PI656065	602	1207	0.498757
58	63	PI655981	PI92270	596	1317	0.452544
59	60	PI656015	PI656026	378	1085	0.348387
59	61	PI656015	PI656035	516	1147	0.449869
59	62	PI656015	PI656065	849	926	0.916847
59	63	PI656015	PI92270	619	1260	0.49127
60	61	PI656026	PI656035	398	938	0.424307
60	62	PI656026	PI656065	375	1073	0.349487
60	63	PI656026	PI92270	362	1190	0.304202
61	62	PI656035	PI656065	499	1149	0.434291
61	63	PI656035	PI92270	487	1265	0.38498
62	63	PI656065	PI92270	598	1266	0.472354
